0.0 -0.5 0.5 3.001 5.9
0.16012810248198558 -0.263391358295 2.54393899289 3.79170913359 3.88424302318
0.32025620496397117 0.324922755907 4.77145381435 4.23323512038 1.6566427414
0.4803843074459568 1.23558563469 6.46634030432 4.34812965708 -0.102636148324
0.6405124099279423 2.34373031547 7.19289401954 4.2414393189 -1.10838345791
0.800640512409928 3.47494555246 6.71198026133 4.02594229767 -1.50076674761
0.9607686148919136 4.41345440819 4.74411712892 3.78255216937 -1.48119870744
1.120896717373899 4.9149284761 1.3247205494 3.56779533496 -1.1602340903
1.2810248198558847 4.80869792747 -2.61900587573 3.41862257491 -0.700214214056
1.4411529223378703 4.12280361122 -5.71911604313 3.33763155337 -0.346916143934
1.601281024819856 3.05871140669 -7.32355973797 3.29316324707 -0.25903674548
1.7614091273018415 1.84566171412 -7.65273633164 3.236854385 -0.507012615295
1.9215372297838271 0.654015347335 -7.10860510941 3.10738776857 -1.19376648524
2.0816653322658127 -0.395560594588 -5.90062668474 2.82589071647 -2.40990802137
2.241793434747798 -1.20899367961 -4.20033243225 2.31299021955 -4.03875121394
2.401921537229784 -1.73329480617 -2.36371860819 1.53133085048 -5.68751406229
2.5620496397117694 -1.98189625963 -0.816615786239 0.513420788438 -6.93668474061
2.722177742193755 -2.02224884025 0.225403527665 -0.660102298034 -7.6308934716
2.8823058446757406 -1.93588382317 0.777197261262 -1.90490820494 -7.84616734616
3.042433947157726 -1.79757421069 0.869447235964 -3.150992566 -7.64457249
3.202562049639712 -1.68755918028 0.394485494314 -4.3253389448 -6.91856259854
3.362690152121697 -1.71043704214 -0.805227696576 -5.32841360635 -5.48382442439
3.522818254603683 -1.97846475827 -2.60382328272 -6.04633071974 -3.40677853303
3.6829463570856684 -2.54270888812 -4.36404314231 -6.41232204211 -1.19975715743
3.8430744595676543 -3.32803632978 -5.2354889264 -6.45647809974 0.538033008246
4.00320256204964 -4.14070271255 -4.64908803986 -6.2764357898 1.60656081408
4.1633306645316255 -4.73434891263 -2.53658473665 -5.96910270283 2.1677413298
4.323458767013611 -4.89981189005 0.553855306047 -5.59696042712 2.45038004374
4.483586869495596 -4.56087104077 3.57654985841 -5.18951333858 2.63518625596
4.643714971977582 -3.80760670585 5.62835100869 -4.75065544327 2.86301716573
4.803843074459568 -2.82367346584 6.47451509203 -4.26488073782 3.23423533375
4.963971176941553 -1.78357283802 6.39646517874 -3.70425715663 3.80222467727
5.124099279423539 -0.803241049151 5.78886580048 -3.03707184208 4.55708833019
5.2842273819055245 0.0587595935693 4.96053584504 -2.23940139906 5.41162257574
5.44435548438751 0.784520868363 4.11260549503 -1.30602013481 6.2281479747
5.604483586869495 1.38067314333 3.3523536179 -0.253650534757 6.88100347646
5.764611689351481 1.86439811951 2.7079014207 0.885219024172 7.30262003145
5.924739791833467 2.25317257622 2.1625721278 2.07190645718 7.47816909061
6.084867894315452 2.56165352138 1.70670258565 3.26681896194 7.40272155799
6.244995996797438 2.80658182968 1.38076679012 4.42726539187 7.03677285288
6.405124099279424 3.01573054911 1.27707435444 5.50027094747 6.29368023203
6.5652522017614094 3.23163222458 1.46904045569 6.41803653003 5.08942770665
6.725380304243394 3.49823325988 1.87774586594 7.10670895165 3.45213511409
6.88550840672538 3.8281964972 2.19235165526 7.51158479088 1.59320189726
7.045636509207366 4.17289092311 1.99931668752 7.62143992816 -0.185333377946
7.205764611689352 4.42863864786 1.07363972934 7.46777009685 -1.67925648159
7.365892714171337 4.48536174503 -0.428934483985 7.10062075309 -2.8586798164
7.526020816653323 4.28456885805 -2.05706646353 6.56508623287 -3.79797738404
7.6861489191353085 3.84477066773 -3.3533497946 5.8924233241 -4.58372918328
7.8462770216172935 3.24044963513 -4.10074697606 5.10239689302 -5.2691594342
8.00640512409928 2.55827726316 -4.35066249372 4.209572998 -5.86688383467
8.166533226581265 1.86356433104 -4.29236432049 3.22895694774 -6.3619802686
8.326661329063251 1.18964974374 -4.1189062742 2.17878982315 -6.73220818436
8.486789431545237 0.543369011035 -3.96361115132 1.08041278023 -6.96251659787
8.646917534027223 -0.0843941442392 -3.89419234942 -0.0432345176895 -7.04749458992
8.807045636509207 -0.709318541967 -3.92738616804 -1.16878494912 -6.98621541098
8.967173738991193 -1.34637297146 -4.03789691152 -2.27278453857 -6.77833147189
9.127301841473178 -2.00284825205 -4.15333341284 -3.33186131236 -6.42594294941
9.287429943955164 -2.66995719027 -4.1443546817 -4.32348021329 -5.93791267125
9.44755804643715 -3.31409387788 -3.83571268472 -5.22704855682 -5.3285680489
9.607686148919136 -3.87375358877 -3.0704716139 -6.02398373218 -4.60595123494
9.767814251401122 -4.27164384034 -1.83067361696 -6.69531920586 -3.75447351427
9.927942353883106 -4.44617166024 -0.338259026422 -7.21690310842 -2.72461791613
10.088070456365092 -4.3885404067 0.994919089172 -7.55452865844 -1.44514289058
10.248198558847077 -4.1564401558 1.79698719633 -7.66395243492 0.12583460092
10.408326661329063 -3.84688665802 1.97679759817 -7.50211191515 1.91824134828
10.568454763811049 -3.54457349543 1.76350567424 -7.04932338757 3.71427372138
10.728582866293035 -3.28397031208 1.51067744127 -6.32691487182 5.24612884836
10.88871096877502 -3.04989662913 1.45427206513 -5.3921844066 6.35355624461
11.048839071257005 -2.80542603547 1.63398912928 -4.31508643779 7.03403513029
11.20896717373899 -2.51785593736 1.97779691987 -3.15794631443 7.3683159553
11.369095276220976 -2.16728285103 2.41237487023 -1.96971211897 7.43171209155
11.529223378702962 -1.74172491649 2.91508922304 -0.790478919129 7.2583011008
11.689351481184948 -1.22898639057 3.50634881303 0.342470309097 6.85415728613
11.849479583666934 -0.612791668592 4.2084502884 1.3930660216 6.23547102335
12.00960768614892 0.123545740796 4.99669059846 2.33121059689 5.46492534381
12.169735788630904 0.98646385636 5.76341716743 3.14118361171 4.65626516748
12.32986389111289 1.9571582678 6.29846360872 3.82712430164 3.93432197079
12.489991993594876 2.97412867915 6.27854381741 4.41021079605 3.37911381711
12.650120096076861 3.91716342913 5.31239161593 4.91876965624 2.99911776232
12.810248198558847 4.61167037784 3.17065844167 5.37724805055 2.7402758626
12.970376301040833 4.88551409702 0.170856027401 5.7974172483 2.49985566262
13.130504403522819 4.67019990977 -2.75577685819 6.17117415025 2.13309587385
13.290632506004805 4.06055679782 -4.62342457408 6.46376950997 1.44994263863
13.450760608486789 3.27197228658 -4.9672100196 6.60633652135 0.223127678244
13.610888710968775 2.54404229395 -3.93678709278 6.49992782294 -1.64994661463
13.77101681345076 2.05045077905 -2.17898212871 6.05867254002 -3.87077530342
13.931144915932746 1.83933309717 -0.537835035038 5.27493861157 -5.82540970193
14.091273018414732 1.84257840027 0.454576614889 4.23036290937 -7.09783888137
14.251401120896718 1.94775938182 0.757479663014 3.03774660722 -7.70253146044
14.411529223378704 2.05739495412 0.536255099201 1.78904898475 -7.82521543071
14.571657325860688 2.09632715859 -0.123730136941 0.553086117615 -7.54097195637
14.731785428342674 1.99273083178 -1.25117840492 -0.600441607474 -6.77874978738
14.89191353082466 1.67148524537 -2.82235860634 -1.5896563934 -5.49737833447
15.052041633306645 1.07799643536 -4.59090082453 -2.34341021628 -3.89467032879
15.212169735788631 0.212080908369 -6.16037590214 -2.8417607094 -2.37904516631
15.372297838270617 -0.868000085858 -7.23173169658 -3.12831699231 -1.28428395321
15.532425940752603 -2.06873967891 -7.64018213279 -3.27978671435 -0.684447749666
15.692554043234587 -3.26618102685 -7.12953998763 -3.36899183187 -0.487751643793
15.852682145716573 -4.28027017509 -5.28337938114 -3.45255787549 -0.602518740109
16.01281024819856 -4.87914369192 -1.99162700719 -3.57451167114 -0.948542130043
16.172938350680546 -4.88318004227 1.93148486979 -3.75942956157 -1.35007030172
16.33306645316253 -4.30085047266 5.12509749765 -3.99743555371 -1.57898856181
16.493194555644514 -3.32379005861 6.81449386298 -4.24829146909 -1.4930771521
16.653322658126502 -2.19684105663 7.04048591212 -4.45173413519 -0.955429730396
16.813450760608486 -1.13282560941 6.06921606667 -4.51814568503 0.254512589752
16.973578863090474 -0.30262373514 4.18179380008 -4.3300395087 2.19839696116
17.133706965572458 0.186505251985 1.93002196501 -3.79694763448 4.45201589552
17.293835068054445 0.335883192435 0.0466255086557 -2.92576604273 6.3163970893
17.45396317053643 0.242818150743 -1.07958912243 -1.81551521719 7.42234627902
17.614091273018413 0.0264080984645 -1.52886729873 -0.58437302616 7.8625033721
17.7742193755004 -0.220619404102 -1.47927705513 0.677138626762 7.81923989452
17.934347477982385 -0.419815302116 -0.90707282492 1.89310934951 7.26905948343
18.094475580464373 -0.472780884899 0.377464955796 2.96733854527 6.01687241905
18.254603682946357 -0.259450326974 2.38218335788 3.78029018791 4.03906348092
18.414731785428344 0.303128549221 4.62100513866 4.24646558779 1.80075951424
18.57485988791033 1.19367096323 6.36996028345 4.38069841283 -0.00870941566005
18.734987990392312 2.2917575924 7.16453099091 4.28467508875 -1.06694544162
18.8951160928743 3.42431338043 6.75892687873 4.07268069676 -1.49592651652
19.055244195356284 4.37710359465 4.87604756825 3.82785263185 -1.50322632147
19.21537229783827 4.90554183736 1.5218002792 3.60768197801 -1.20475116505
19.375500400320256 4.83174297503 -2.42428865271 3.45028078355 -0.755905408896
19.535628502802243 4.17228943288 -5.59007158746 3.36048016062 -0.399281947368
19.695756605284227 3.12258274647 -7.27066441514 3.30847576596 -0.299886214529
19.85588470776621 1.91327482769 -7.65518800455 3.24693243829 -0.530272110559
20.0160128102482 0.717901986933 -7.15156179355 3.11576051323 -1.19011071553
20.176140912730183 -0.341612408069 -5.98166811171 2.8375285578 -2.37253332426
20.33626901521217 -1.17073589133 -4.3129046056 2.33292882282 -3.97529334956
20.496397117694155 -1.71422052158 -2.48626858501 1.56203375097 -5.62083511278
20.656525220176142 -1.98153204842 -0.924427579262 0.553557699411 -6.88791203265
20.816653322658127 -2.03704328528 0.144788678362 -0.614102091812 -7.60633701193
20.97678142514011 -1.96123276146 0.726209083844 -1.85675055487 -7.8434160866
21.136909527622098 -1.82847243545 0.852531377615 -3.10422564613 -7.66597262691
21.297037630104082 -1.71767423353 0.423473466546 -4.28470244041 -6.97622236325
21.45716573258607 -1.73157203391 -0.722254398002 -5.30069356791 -5.58771555098
21.617293835068054 -1.98296484868 -2.4849873564 -6.03818883536 -3.54222577051
21.77742193755004 -2.52834522271 -4.25603711243 -6.42578575727 -1.32705562591
21.937550040032026 -3.30040092111 -5.18350425249 -6.48739809166 0.450093098897
22.09767814251401 -4.1108253587 -4.67447035963 -6.3179526589 1.56071598013
22.257806244995997 -4.71459790681 -2.63457553634 -6.01536378234 2.1522073733
22.41793434747798 -4.89953917074 0.416202096639 -5.64403860525 2.45416356038
22.57806244995997 -4.58253922819 3.44787327294 -5.23500240002 2.64999663203
22.738190552441953 -3.8467798462 5.54121080455 -4.79335791284 2.88197963646
22.89831865492394 -2.87312633722 6.43182226576 -4.30459222719 3.25180421589
23.058446757405925 -1.83711684623 6.38566454193 -3.7415687086 3.81399978191
23.21857485988791 -0.856801759048 5.79786888359 -3.07316435458 4.56025823312
23.378702962369896 0.00774599937299 4.98262845701 -2.27571049997 5.40595955771
23.53883106485188 0.737888589448 4.14496184582 -1.34378961051 6.21616624792
23.698959167333868 1.33996844162 3.39393211295 -0.29358129555 6.8666789648
23.859087269815852 1.83105538763 2.75816827056 0.843063418674 7.28970058913
24.01921537229784 2.22849653623 2.22016694919 2.02799063003 7.4695321862
24.179343474779824 2.54653678865 1.7674612091 3.22205286925 7.40133857394
24.339471577261808 2.80088929175 1.4357937594 4.38317223997 7.04765824284
24.499599679743795 3.01751502562 1.31302943906 5.4594235522 6.32483866835
24.65972778222578 3.23677752781 1.47361903602 6.38435330655 5.14864723475
24.819855884707767 3.5014318775 1.85024377324 7.08481576793 3.53899494235
24.97998398718975 3.82549864077 2.15056425426 7.50497046516 1.69393817677
25.14011208967174 4.16427620892 1.97197418664 7.63069658735 -0.0910564564416
25.300240192153723 4.41837568126 1.08260104049 7.49057015335 -1.605863429
25.460368294635707 4.47974518748 -0.381213276691 7.13318764201 -2.80996633238
25.620496397117694 4.28873472617 -1.9861284438 6.60366945088 -3.77068896846
25.78062449959968 3.86070998463 -3.28052429714 5.93404059389 -4.57211500732
25.940752602081666 3.26713365253 -4.0409952244 5.14501006599 -5.26743551381
26.10088070456365 2.59310352999 -4.30878598909 4.25199751132 -5.87028204974
26.261008807045638 1.90378621299 -4.26616022773 3.27066080171 -6.36714358979
26.421136909527622 1.23312107287 -4.10374160973 2.21966688819 -6.73713316646
26.58126501200961 0.588664477652 -3.95546530325 1.12059288322 -6.96618415874
26.741393114491594 -0.0382066708059 -3.89105983629 -0.00350718752371 -7.04943286771
26.901521216973578 -0.663049434633 -3.92981152126 -1.12921334663 -6.98619897221
27.061649319455565 -1.30113118437 -4.04903158814 -2.23305126317 -6.77635766447
27.22177742193755 -1.9604269475 -4.17840836079 -3.29168492944 -6.42254280718
27.381905524419537 -2.63304814645 -4.18891321973 -4.28274555314 -5.93474716889
27.54203362690152 -3.28606504173 -3.90187220629 -5.18604003416 -5.32904745037
27.70216172938351 -3.85768981209 -3.15173131306 -5.98369200562 -4.61547490274
27.862289831865493 -4.26866246945 -1.90895658628 -6.65773339317 -3.77996928874
28.022417934347477 -4.45384586276 -0.38914331917 -7.18515437583 -2.77305483508
28.182546036829464 -4.40093394081 0.988181923088 -7.53266596613 -1.5202811312
28.34267413931145 -4.16648351252 1.83040977815 -7.65602658058 0.0286465440827
28.502802241793436 -3.849940109 2.02536808045 -7.51050163806 1.81514194158
28.66293034427542 -3.54076478671 1.79602191318 -7.07324754309 3.62664538766
28.823058446757408 -3.2776114221 1.50860693501 -6.36262958682 5.18759822625
28.98318654923939 -3.04668261167 1.418568466 -5.43486828927 6.32409258725
29.143314651721376 -2.80980081426 1.57738370668 -4.36068016497 7.02562808662
29.303442754203363 -2.53202825412 1.91400929248 -3.20376199666 7.37282713205
29.463570856685347 -2.1915938589 2.35063642373 -2.01413862879 7.44389216042
29.623698959167335 -1.77543395096 2.85990533696 -0.832567260984 7.27481526904
29.78382706164932 -1.27087681981 3.45955235683 0.303154758301 6.87163537307
29.943955164131307 -0.661422627796 4.17130196862 1.356341902 6.24957026956
30.10408326661329 0.0698662108945 4.9712506318 2.29616375985 5.47109680233
30.264211369095275 0.929898724796 5.75375274403 3.10628206799 4.65168152408
30.424339471577262 1.90080700955 6.31256502935 3.79062883216 3.91934093462
30.584467574059246 2.92277252759 6.32922288966 4.37069444406 3.35711903844
30.744595676541234 3.87768650249 5.41107595157 4.87551164974 2.97535954226
30.904723779023218 4.59157418654 3.31031644402 5.33046984887 2.72126214449
31.064851881505206 4.88870553422 0.313579908617 5.7484908289 2.49347046426
31.22497998398719 4.69300237744 -2.66131008465 6.12285907675 2.14892215203
31.385108086469174 4.09227153945 -4.60933640031 6.42058659391 1.50056232627
31.54523618895116 3.29921104774 -5.03504419132 6.57488843821 0.320144076605
31.705364291433145 2.5554941055 -4.05916970331 6.48745916665 -1.5137542137
31.865492393915133 2.04128526354 -2.30469802593 6.06882417628 -3.7321382522
32.02562049639712 1.81310359086 -0.61973093476 5.30467283703 -5.72414911957
32.1857485988791 1.80794322441 0.431103805407 4.272383882 -7.04479460405
32.34587670136109 1.91341932294 0.782217084647 3.0851651217 -7.68557165882
32.506004803843076 2.03003229155 0.597298495249 1.83714193725 -7.83263925531
32.66613290632506 2.08129803694 -0.0311431469082 0.598200383235 -7.57111926952
32.826261008807045 1.99479161198 -1.13177847735 -0.562100459533 -6.8329100074
32.98638911128903 1.69383923993 -2.69217143023 -1.5614015115 -5.56628758436
33.14651721377102 1.12030968928 -4.47623087533 -2.32587145556 -3.95521662768
33.306645316253004 0.27008052806 -6.08105396371 -2.83170667525 -2.40955082025
33.46677341873499 -0.800507922663 -7.19252622584 -3.12028528377 -1.27965844625
33.62690152121697 -1.99832911715 -7.64443306909 -3.26871525883 -0.652908908021
33.787029623698956 -3.20097492374 -7.19424530688 -3.35137956355 -0.438880594171
33.94715772618095 -4.23170494085 -5.42801690108 -3.42617250887 -0.54289725729
34.10728582866293 -4.85933906165 -2.19816188476 -3.53830977686 -0.887776414316
34.267413931144915 -4.89689836239 1.73302222449 -3.71441379389 -1.30323494256
34.4275420336269 -4.34100662111 5.00027935849 -3.94679522961 -1.55654683406
34.58767013610889 -3.3767129698 6.77900455481 -4.19633940568 -1.50032952664
34.747798238590875 -2.24892515529 7.08492857815 -4.40411142694 -1.00529999522
34.90792634107286 -1.17184123617 6.18674664601 -4.48310032072 0.145657378858
35.06805444355484 -0.318091019576 4.35231426952 -4.3168230919 2.03978186636
35.22818254603683 0.19929102631 2.10223488703 -3.81004451085 4.29180599714
35.38831064851882 0.372794295886 0.170158448545 -2.96118781045 6.20303064666
35.5484387510008 0.294588373956 -1.01622052161 -1.86441880546 7.36586826793
35.708566853482786 0.0844495864165 -1.51123641732 -0.638739141654 7.84806615028
35.86869495596477 -0.162746689488 -1.49925257721 0.623151101539 7.83861776383
36.028823058446754 -0.368751804122 -0.975007582622 1.84552066419 7.33245819122
36.188951160928745 -0.437449714435 0.248157735743 2.93446130379 6.13814065526
36.34907926341073 -0.248949676749 2.20783763022 3.770782315 4.20355827451
36.50920736589271 0.285561720345 4.45486093291 4.26344159435 1.95729394838
36.6693354683747 1.15358461443 6.26006256277 4.41885563805 0.0950113010603
36.82946357085669 2.23980010036 7.1270350047 4.33465183351 -1.02096318213
36.98959167333867 3.37252222116 6.80013587178 4.12652697307 -1.49071311765
37.14971977582066 4.33892531693 5.00559262478 3.88010096169 -1.52747776627
37.30984787830264 4.8943516375 1.72190152767 3.65397032041 -1.25394062814
37.469975980784625 4.85393365848 -2.22118044454 3.48737550111 -0.818926818625
37.630104083266616 4.22241291615 -5.45167390476 3.38743456424 -0.460711598367
37.7902321857486 3.18838486858 -7.21128500053 3.32638541005 -0.350380745534
37.950360288230584 1.98359172412 -7.65430509279 3.25805495091 -0.563213137326
38.11048839071257 0.784842397977 -7.19339227449 3.12366373885 -1.19550762608
38.27061649319455 -0.284615288782 -6.06408504319 2.84739415581 -2.34206196414
38.43074459567654 -1.12994762504 -4.43079676792 2.35028463634 -3.91485259987
38.59087269815853 -1.69382114843 -2.618383183 1.5900059407 -5.55318252435
38.75100080064051 -1.98158468315 -1.04393720001 0.591314402645 -6.83615098198
38.911128903122496 -2.05410856642 0.0530977559238 -0.569988873619 -7.57885154946
39.07125700560449 -1.99046524866 0.666282795466 -1.81007244276 -7.83851672254
39.23138510808647 -1.86448451096 0.829226756559 -3.05864907514 -7.68589085223
39.391513210568455 -1.75369100892 0.449176642247 -4.24508906562 -7.03343471706
39.55164131305044 -1.75878916519 -0.637930974877 -5.27410599621 -5.6937493707
39.71176941553242 -1.99285584516 -2.35881464324 -6.03183633304 -3.68378063409
39.871897518014414 -2.51779172338 -4.13614246375 -6.44225264962 -1.46285532519
40.0320256204964 -3.27455601821 -5.11881402164 -6.52261728394 0.355067188993
40.19215372297838 -4.0808562362 -4.68945324312 -6.36461789673 1.51149030781
40.352281825460366 -4.69342085347 -2.72663572867 -6.06701852424 2.13685710313
40.51240992794235 -4.89736238875 0.278456102813 -5.69625171699 2.46087463626
40.67253803042434 -4.60277536036 3.31375958942 -5.28497881647 2.66987989284
40.832666132906326 -3.88562532682 5.44625681418 -4.839600062 2.907607272
40.99279423538831 -2.92349942683 6.38169871872 -4.3466907866 3.2769863778
41.152922337870294 -1.89265060204 6.36907139735 -3.78002489892 3.83352603148
41.313050440352285 -0.91312148129 5.80311012904 -3.10921588116 4.57030964839
41.47317854283427 -0.0464493872197 5.00324214094 -2.31101251121 5.40534327312
41.63330664531625 0.688033437273 4.1782949041 -1.37992970445 6.20688101292
41.79343474779824 1.29638942021 3.4388434655 -0.331634255228 6.85282624413
41.95356285028022 1.79553622476 2.81373377689 0.802719000421 7.27559187684
42.11369095276221 2.20261406688 2.28449001895 1.98560397468 7.45865764756
42.273819055244196 2.53136246771 1.83571031791 3.17840451389 7.39712199003
42.43394715772618 2.79634087669 1.49813968549 4.33971828504 7.05547459564
42.594075260208164 3.02151078046 1.35470664959 5.41873936609 6.35324961791
42.754203362690156 3.244796583 1.48042774099 6.35048146655 5.20639940437
42.91433146517214 3.50746368976 1.81983388139 7.06267275454 3.62666941108
43.074459567654124 3.82474454901 2.10079507242 7.49843034883 1.79778054841
43.23458767013611 4.15608389009 1.93425663957 7.64061439236 0.00709210394534
43.39471577261809 4.40696345417 1.08302808676 7.51457238718 -1.52988823663
43.55484387510008 4.47200259384 -0.336773898114 7.16717949367 -2.76114256868
43.71497197758207 4.29074256703 -1.91242797079 6.64349200122 -3.74574625823
43.87510008006405 3.87530531888 -3.20076051959 5.97637393981 -4.56452496861
44.035228182546035 3.29371954536 -3.97310398573 5.18763077276 -5.27035830388
44.19535628502802 2.62906332327 -4.25996440576 4.29370313604 -5.87796160264
44.35548438751001 1.94607370771 -4.23535709832 3.31103828483 -6.37552624878
44.515612489991994 1.27919332005 -4.08645575772 2.25881149618 -6.7438826986
44.67574059247398 0.636725609596 -3.94730411102 1.15886463173 -6.97023230585
44.83586869495596 0.0106114597347 -3.88956760034 0.0343608842892 -7.05039272341
44.995996797437954 -0.614520083079 -3.93517227088 -1.09124371803 -6.98397021571
45.15612489991994 -1.2541836706 -4.0641074472 -2.19447748283 -6.77110435962
45.31625300240192 -1.91698830395 -4.2080619138 -3.25207493716 -6.41507629838
45.476381104883906 -2.59586842852 -4.23809464363 -4.24189180585 -5.92717441053
45.63650920736589 -3.25845362386 -3.97183193098 -5.14421742099 -5.32535536896
45.79663730984788 -3.84251741016 -3.23494435886 -5.94197593977 -4.62163228294
45.956765412329865 -4.26668177698 -1.98655745069 -6.61827666506 -3.80330039591
46.11689351481185 -4.4621875965 -0.436579803713 -7.15129605888 -2.82068588161
46.27702161729383 -4.41327090199 0.986824877524 -7.50867081839 -1.59591356367
46.43714971977582 -4.17555787238 1.8695477615 -7.64613435613 -0.0700491173091
46.59727782225781 -3.85120552336 2.07816243626 -7.51720635935 1.71017821639
46.75740592473979 -3.53471428187 1.82981310022 -7.09575019201 3.53773807963
46.91753402722178 -3.26908064802 1.50443636678 -6.39703619267 5.12895298616
47.07766212970376 -3.04185707535 1.37817860781 -5.47617962194 6.29545125222
47.23779023218575 -2.81342745987 1.51492721977 -4.40473947622 7.01830440044
47.397918334667736 -2.54639143429 1.84454609438 -3.24788909856 7.3780995288
47.55804643714972 -2.21692317462 2.28434830478 -2.0568056076 7.45616391455
47.718174539631704 -1.8107557031 2.80191279256 -0.872954633696 7.2904668296
47.87830264211369 -1.314666322 3.41201080335 0.265305507979 6.88700269095
48.03843074459568 -0.711905730971 4.13544183957 1.32063216464 6.26012883344
48.19855884707766 0.0146740809825 4.94863252924 2.2614574891 5.47245481341
48.35868694955965 0.87233471203 5.74749531607 3.07088320689 4.64156062054
48.51881505204163 1.84397119474 6.32948658797 3.75274104279 3.89883034009
48.678943154523616 2.87126555691 6.38112469644 4.32894226955 3.3301933822
48.83907125700561 3.83809579661 5.50903213701 4.82929785681 2.94756626449
48.99919935948759 4.57113089103 3.44798219753 5.28016674782 2.69917381394
49.159327461969575 4.89121486192 0.454304522694 5.6956205588 2.48490674427
49.31945556445156 4.71485803434 -2.56810279192 6.07031048422 2.16326226772
49.47958366693355 4.12289530551 -4.59586788766 6.37297111334 1.55017443305
49.639711769415534 3.32526299417 -5.10365445216 6.53890813821 0.417093631086
49.79983987189752 2.5655310779 -4.18383590406 6.47061130154 -1.37536257934
49.9599679743795 2.03018204621 -2.43450767045 6.07516833392 -3.58872144949
50.120096076861486 1.78425580636 -0.705601003413 5.3314461561 -5.61754417314
50.28022417934348 1.77020926836 0.405803956917 4.31219376123 -6.98793093222
50.44035228182546 1.87588494358 0.807501634157 3.13083997325 -7.66648689195
50.600480384307446 1.99970146087 0.660487481301 1.88375685607 -7.83871313176
50.76060848678943 2.06373060211 0.064620579576 0.642041116798 -7.60000658956
50.920736589271414 1.99489765446 -1.00826142328 -0.524832912006 -6.88587225756
51.080864691753405 1.71496662203 -2.55708355316 -1.53404971343 -5.6342743526
51.24099279423539 1.16218945977 -4.35676409404 -2.30909283797 -4.01477209205
51.40112089671737 0.328328632434 -5.99813370758 -2.82219028955 -2.43813104947
51.56124899919936 -0.732297400676 -7.150931881 -3.11237451579 -1.27175878242
51.72137710168135 -1.92684264342 -7.64638467922 -3.25715418902 -0.617121519338
51.88150520416333 -3.13426276778 -7.25582762626 -3.33256139918 -0.385403131106
52.041633306645316 -4.18111324239 -5.56962561147 -3.39783967991 -0.478644985742
52.2017614091273 -4.83721256911 -2.40449893637 -3.4994214074 -0.82243519103
52.361889511609284 -4.90858746102 1.53086867746 -3.66600939935 -1.25232602327
52.522017614091276 -4.37987785411 4.87039941606 -3.89219891599 -1.53113215617
52.68214571657326 -3.42909916643 6.73940640322 -4.14002694245 -1.50536707568
52.842273819055244 -2.30103049155 7.12649529506 -4.35178627346 -1.05309973799
53.00240192153723 -1.2112118395 6.3032557446 -4.44308581216 0.0376862912208
53.16253002401922 -0.333782769263 4.52586761576 -4.29877373414 1.87814700074
53.3226581265012 0.2127258185 2.28203089422 -3.81917963752 4.12401704571
53.48278622898319 0.411704816448 0.302177393971 -2.99400584117 6.0810472101
53.64291433146517 0.34952408811 -0.947110494446 -1.9119291769 7.30320375054
53.803042433947155 0.146321628222 -1.49083718936 -0.692476478922 7.83007524067
53.963170536429146 -0.10072642157 -1.51774166217 0.569329055052 7.85548692544
54.12329863891113 -0.31332270657 -1.04169080701 1.79770266441 7.39342375382
54.283426741393114 -0.397635720882 0.11864602123 2.90103331933 6.2582276365
54.4435548438751 -0.234302547333 2.02912112681 3.76081575043 4.37075437865
54.60368294635708 0.271071240024 4.28011598339 4.28074146939 2.12051701218
54.763811048839074 1.11509651004 6.14098115422 4.45848503174 0.20565255034
54.92393915132106 2.18811739986 7.08232362808 4.38700153207 -0.970874092887
55.08406725380304 3.31999354261 6.8357497988 4.18317285064 -1.48405949713
55.244195356285026 4.29921755606 5.13103713209 3.93525846487 -1.55162911127
55.40432345876702 4.88123615513 1.92162164764 3.7031045594 -1.30408421287
55.564451561249 4.87455397526 -2.01338526925 3.52704576364 -0.884411675504
55.724579663730985 4.27194921378 -5.30639910028 3.41646287594 -0.525821044617
55.88470776621297 3.25461854496 -7.14644961633 3.3457314176 -0.405073074892
56.04483586869495 2.05503376422 -7.65011779179 3.26991785847 -0.600646128429
56.204963971176944 0.853328143572 -7.23311350782 3.13156905001 -1.20557891806
56.36509207365893 -0.225797693158 -6.14525830166 2.8565424432 -2.31569210536
56.52522017614091 -1.0872703296 -4.54930726923 2.36640324447 -3.85658144616
56.6853482786229 -1.67185105556 -2.75389026609 1.61660342851 -5.48510169589
56.84547638110488 -1.98079394252 -1.16887520844 0.627918707882 -6.78230029459
57.00560448358687 -2.07124846719 -0.0443660241692 -0.526660193561 -7.54905022882
57.165732586068856 -2.02064575753 0.601305405974 -1.76383457448 -7.83163080198
57.32586068855084 -1.90218432175 0.8017075481 -3.01320164561 -7.70382664669
57.485988791032824 -1.79200664427 0.471527368803 -4.20526785241 -7.08846720186
57.646116893514815 -1.78871097697 -0.555033676414 -5.24700450899 -5.7984353818
57.8062449959968 -2.00539860217 -2.23029819357 -6.02495051678 -3.82670162923
57.96637309847878 -2.50918183313 -4.00998844579 -6.45865161003 -1.60284241974
58.12650120096077 -3.24949406836 -5.04639574353 -6.55850435048 0.255535624318
58.28662930344275 -4.05049764241 -4.69787677593 -6.41254098251 1.4595865799
58.44675740592474 -4.67101907433 -2.81507452015 -6.12018955945 2.12087680684
58.60688550840673 -4.89369783488 0.140287154868 -5.74995721816 2.46841777203
58.76701361088871 -4.62189291599 3.17573949211 -5.33622963331 2.69159026274
58.927141713370695 -3.92410796592 5.34620904079 -4.88676905881 2.9356859977
59.08726981585268 -2.9742756044 6.32734129383 -4.38929904663 3.30486352127
59.24739791833467 -1.9491386423 6.34984713953 -3.81856568221 3.85560123559
59.407526020816654 -0.970694662943 5.80723283021 -3.14498211681 4.58237271337
59.56765412329864 -0.101977939706 5.02393148374 -2.34577130854 5.4059070479
59.72778222578062 0.636931997103 4.21258896375 -1.41541206934 6.1978491218
59.88791032826261 1.25177006898 3.48532872609 -0.369056015195 6.83842878081
60.0480384307446 1.75926217986 2.87126054037 0.762871027862 7.26038468694
60.20816653322658 2.17631143603 2.3509755847 1.94351076169 7.44638721363
60.368294635708565 2.51612182918 1.90620724186 3.13481498647 7.39137903211
60.52842273819055 2.79208283928 1.56267824748 4.29607439461 7.06170266494
60.68855084067254 3.02612430316 1.39820969099 5.37761105635 6.38009466811
60.848678943154525 3.25365706671 1.48806726846 6.31593493648 5.26292273373
61.00880704563651 3.51433645046 1.78846165552 7.03972297036 3.71402951299
61.16893514811849 3.8245069028 2.04798731293 7.4911350745 1.90257559546
61.32906325060048 4.14781158504 1.8923966546 7.65000451293 0.106978062595
61.48919135308247 4.39484601032 1.08011693471 7.53831846913 -1.45242563529
61.64931945556445 4.46319886576 -0.293272158391 7.20108096099 -2.71179372665
61.809447558046436 4.29176086019 -1.8369722992 6.68322531451 -3.72127134454
61.96957566052842 3.88934553869 -3.11757181257 6.0184894145 -4.55798869157
62.12970376301041 3.32032815463 -3.90164443741 5.22985244309 -5.27441320375
62.289831865492395 2.66554751247 -4.20857587958 4.33484987171 -5.88645462206
62.44995996797438 1.98918255582 -4.20340245398 3.35076729463 -6.38420335502
62.610088070456364 1.32616342658 -4.06931071476 2.29730464167 -6.75038449697
62.77021617293835 0.685582340868 -3.94021291471 1.19656305184 -6.97356949542
62.93034427542034 0.0600067135778 -3.88967148737 0.0717989761303 -7.05029144255
63.09047237790232 -0.565685974571 -3.94227726178 -1.05351399826 -6.98044904595
63.25060048038431 -1.20719807681 -4.08070690658 -2.15592669042 -6.76445844583
63.41072858286629 -1.873712834 -4.23864869651 -3.21226708149 -6.406269035
63.57085668534828 -2.55893281016 -4.28731644979 -4.20064004044 -5.91846538749
63.730984787830266 -3.23101507621 -4.040879736 -5.10183782557 -5.32082033112
63.89111289031225 -3.82731952241 -3.31666035663 -5.89958894594 -4.62719486813
64.05124099279423 -4.26443382338 -2.06274996948 -6.57806213503 -3.82610472959
64.21136909527623 -4.47008633051 -0.483329356499 -7.1165864486 -2.8676456045
64.3714971977582 -4.42512546329 0.985300528963 -7.48370244806 -1.67072267366
64.5316253002402 -4.18421754236 1.90810764812 -7.63514711341 -0.168129459035
64.69175340272218 -3.85214062919 2.13054660846 -7.52276632829 1.60517615452
64.85188150520416 -3.52837307093 1.86348533052 -7.11716979718 3.44815341773
65.01200960768615 -3.26027701222 1.50009027307 -6.43048999648 5.06944132412
65.17213771016813 -3.03681039287 1.33730539785 -5.51666894969 6.26606284685
65.33226581265012 -2.81693047686 1.45177253331 -4.44808775763 7.01031905888
65.49239391513211 -2.56074170261 1.77444127757 -3.2914147954 7.38264593651
65.65252201761409 -2.24232041329 2.21773938837 -2.0989984144 7.46755755131
65.81265012009608 -1.8461602539 2.74408642969 -0.913020332535 7.30508530413
65.97277822257806 -1.3584703809 3.36515457589 0.227603344787 6.90122783643
66.13290632506005 -0.762260598536 4.10064378048 1.28488376803 6.2695238024
66.29303442754204 -0.0402116547977 4.92710758131 2.22653270821 5.47275514476
66.45316253002402 0.815218886825 5.74181231639 3.03511444505 4.63064050907
66.61329063250601 1.78759038255 6.34581587979 3.71438260953 3.87787863198
66.77341873498798 2.81999295554 6.43081814644 4.28667703282 3.30316380672
66.93354683746998 3.79826682241 5.60345007216 4.78257220168 2.91986045597
67.09367493995197 4.54986797518 3.58230987579 5.22936643092 2.67713920114
67.25380304243394 4.89252271608 0.593868807894 5.64224151107 2.47609607839
67.41393114491594 4.7355606756 -2.47315550908 6.01716587475 2.17668088333
67.57405924739791 4.15283592179 -4.57844761141 6.32452512766 1.59772254955
67.7341873498799 3.35135217984 -5.16751911099 6.50168212763 0.511094806108
67.8943154523619 2.57628440584 -4.30517713245 6.45209001259 -1.23896309744
68.05444355484387 2.02007980546 -2.56421037533 6.07973192817 -3.44452040003
68.21457165732586 1.75619947677 -0.793881945338 5.35675553971 -5.50809106607
68.37469975980784 1.73281501568 0.37754377852 4.35102145894 -6.92817360765
68.53482786228983 1.83823976675 0.830131125896 3.17593395131 -7.64527489287
68.69495596477182 1.96884587115 0.721097963318 1.93009611067 -7.8429908181
68.8550840672538 2.04521810359 0.157748239021 0.685903266315 -7.62695177051
69.01521216973579 1.99367010405 -0.886787411922 -0.487236354093 -6.93706838776
69.17534027221778 1.73455400742 -2.42239095083 -1.50616735863 -5.7016772194
69.33546837469976 1.20261918082 -4.23586715191 -2.29182651118 -4.07542997108
69.49559647718175 0.385437175357 -5.91297200078 -2.81245445205 -2.46876148273
69.65572457966373 -0.664859620578 -7.10700804447 -3.1045733567 -1.26578807234
69.81585268214572 -1.85571682511 -7.64534524101 -3.24597170584 -0.582760395453
69.97598078462771 -3.06730813227 -7.31278350129 -3.31431930043 -0.332993190877
70.13610888710969 -4.12943331648 -5.70566230076 -3.3702283982 -0.4150958749
70.29623698959168 -4.8132415028 -2.60758798526 -3.46131023077 -0.757014922257
70.45636509207365 -4.91828469309 1.3272610437 -3.61829753322 -1.20050807614
70.61649319455564 -4.41727322133 4.73603027777 -3.83812039396 -1.50450943384
70.77662129703764 -3.48079927387 6.69463830156 -4.08400633897 -1.50863542124
70.93674939951961 -2.35331627205 7.16229659355 -4.29934884791 -1.09746291763
71.0968775020016 -1.25175329523 6.41332268151 -4.40226765987 -0.0653468715738
71.25700560448358 -0.351585446577 4.69470494185 -4.27919237748 1.7200289066
71.41713370696557 0.223635755627 2.46156085899 -3.82654822621 3.95545381496
71.57726180944756 0.448350261083 0.437184406642 -3.02547156097 5.95517236855
71.73738991192954 0.402712359874 -0.874944888558 -1.95874670963 7.23659543862
71.89751801441153 0.206851854173 -1.46835230127 -0.746071704354 7.80908085867
72.05764611689351 -0.0397158335671 -1.53386434712 0.515173293863 7.8691342816
72.2177742193755 -0.258390563809 -1.10417498757 1.74891397962 7.44950455
72.37790232185749 -0.357508481208 -0.00529104781847 2.86572790574 6.37220098188
72.53803042433947 -0.218552807198 1.85401712508 3.74809774659 4.53379492662
72.69815852682146 0.257903270993 4.10441114789 4.29497667608 2.28407321691
72.85828662930344 1.07749328873 6.01789115297 4.49537397307 0.319463365156
73.01841473178543 2.13661355897 7.03305499507 4.43713396752 -0.917776510139
73.17854283426742 3.26690583977 6.86664876702 4.23800421782 -1.47532771235
73.3386709367494 4.25817562049 5.2516437577 3.98891688802 -1.5737548351
73.49879903923139 4.86613373805 2.11854481489 3.75109548484 -1.3518445222
73.65892714171338 4.89307656504 -1.80405244903 3.56594712749 -0.947707852644
73.81905524419535 4.31990364103 -5.15675130926 3.44503620211 -0.589177049553
73.97918334667735 3.31997820635 -7.07751730909 3.36488255337 -0.458252117415
74.13931144915932 2.12615130584 -7.6431274002 3.28180444967 -0.636916028652
74.29943955164131 0.921889674608 -7.27043190722 3.13963091001 -1.21520855781
74.4595676541233 -0.166485217068 -6.2235251317 2.86585428495 -2.28962255178
74.61969575660528 -1.04360421995 -4.66471791332 2.38262303065 -3.79861251299
74.77982385908727 -1.64845569624 -2.88721038816 1.64331696919 -5.41644397561
74.93995196156925 -1.97833663583 -1.29296949413 0.664807213797 -6.72700613165
75.10008006405124 -2.08666340922 -0.141838707585 -0.482791757129 -7.51760322557
75.26020816653323 -2.04914096396 0.53585199779 -1.71679887318 -7.82313800332
75.42033626901521 -1.9383269361 0.772974204014 -2.96667071865 -7.71966998398
75.5804643714972 -1.82905493345 0.491427961906 -4.16393889179 -7.14022702698
75.74059247397918 -1.81783788602 -0.47536830568 -5.21779036204 -5.89905855855
75.90072057646117 -2.01759970727 -2.10382983313 -6.01536811156 -3.96678694643
76.06084867894316 -2.50035125618 -3.8832450819 -6.47211462321 -1.74272992722
76.22097678142514 -3.22395881012 -4.97173243071 -6.59160468134 0.154364585898
76.38110488390713 -4.01930326911 -4.70428811868 -6.45795838341 1.40601401673
76.5412329863891 -4.64756393213 -2.90294567537 -6.17108571353 2.10366507665
76.7013610888711 -4.88904321727 0.000754470762834 -5.80157185983 2.47482748778
76.86148919135309 -4.64036088314 3.03504130122 -5.38558556122 2.71194841801
77.02161729383506 -3.96236814478 5.2437784343 -4.93228990425 2.96201106398
77.18174539631705 -3.02509523708 6.27215641941 -4.43057983175 3.3304805147
77.34187349879905 -2.00566482152 6.33146051377 -3.85618019093 3.87494833231
77.50200160128102 -1.02807970357 5.81316073725 -3.18028105728 4.59148582328
77.66212970376301 -0.157011208441 5.04649830059 -2.38052727452 5.40367911612
77.82225780624499 0.586580847165 4.24808985549 -1.45130223526 6.18652275251
77.98238590872698 1.20800929533 3.53191150973 -0.407201385247 6.82238570472
78.14251401120897 1.72376423171 2.92766307596 0.722086986009 7.24415784655
78.30264211369095 2.15051564116 2.41528007791 1.90036109269 7.43361088862
78.46277021617294 2.50097713289 1.97381410823 3.09012027962 7.38552402603
78.62289831865492 2.78743756838 1.62417120593 4.25132643053 7.06802406071
78.78302642113691 3.02989887852 1.43925500329 5.33538889731 6.40690559778
78.9431545236189 3.26138273318 1.49456633349 6.28025386292 5.31893144695
79.10328262610088 3.52001954519 1.75752658351 7.01551572339 3.80042509436
79.26341072858287 3.82325434806 1.99682147256 7.48242427404 2.00646702788
79.42353883106485 4.13884368089 1.85278569315 7.65787264317 0.20648653065
79.58366693354684 4.38240652786 1.07954613668 7.56053139815 -1.37473979058
79.74379503602883 4.45442366681 -0.247804760439 7.23352711271 -2.66170735544
79.9039231385108 4.2930615346 -1.76035831862 6.72166294509 -3.69553400231
80.0640512409928 3.90376708917 -3.03433202263 6.05955730641 -4.54961433551
80.22417934347477 3.347235181 -3.83129818406 5.27136342958 -5.27611655607
80.38430744595676 2.70207281884 -4.15923038327 4.37568976065 -5.89230302366
80.54443554843876 2.03195885002 -4.17401140802 3.39061566116 -6.39025110674
80.70456365092073 1.37237894541 -4.05480602301 2.33631686916 -6.75456570449
80.86469175340272 0.733282240364 -3.93545886935 1.23511213421 -6.97511362351
81.0248198558847 0.107917574903 -3.89147034625 0.110322262204 -7.04907680456
81.18494795836669 -0.518531866148 -3.95006409153 -1.01458357569 -6.97661818696
81.34507606084868 -1.16189178154 -4.09654372382 -2.11619740315 -6.75841311437
81.50520416333066 -1.83185335561 -4.26664568189 -3.17145258971 -6.39900448168
81.66533226581265 -2.52284356963 -4.33206776043 -4.1586963878 -5.91209763545
81.82546036829464 -3.20359484579 -4.10426798381 -5.0591801671 -5.31901770485
81.98558847077662 -3.8112443874 -3.39320176667 -5.85735012355 -4.63522297756
82.14571657325861 -4.26066581534 -2.13646070074 -6.53831803407 -3.85034179985
82.30584467574059 -4.47639625968 -0.531818291588 -7.08245094498 -2.9143993194
82.46597277822258 -4.43599738994 0.978201499706 -7.45913527527 -1.74364371695
82.62610088070457 -4.19294757669 1.93960453971 -7.62417593666 -0.263514074377
82.78622898318655 -3.85419120625 2.1774074677 -7.52794636833 1.50216919755
82.94635708566854 -3.52376899049 1.89506376222 -7.13802302099 3.35882836646
83.10648518815051 -3.25326171141 1.49705132634 -6.46347243206 5.0085958402
83.2666132906325 -3.03314687286 1.29996233945 -5.55697602786 6.23452806841
83.4267413931145 -2.82115785219 1.39314006391 -4.49161804715 7.00000543926
83.58686949559647 -2.57507248535 1.70899616012 -3.33548722875 7.38500063205
83.74699759807847 -2.26697729544 2.15540578489 -2.14206465355 7.47710036412
83.90712570056044 -1.88019537015 2.68977707634 -0.954210545911 7.31848513948
84.06725380304243 -1.40042499537 3.32071887672 0.188659127554 6.9152797971
84.22738190552442 -0.81048670695 4.06686817088 1.24797685777 6.28019041651
84.3875100080064 -0.0929308481541 4.90500695188 2.19078151854 5.47592328541
84.54763811048839 0.760043635876 5.73387254914 2.99909268461 4.62392021642
84.70776621297037 1.73265095905 6.3581594702 3.67651205499 3.86185997109
84.86789431545236 2.76938827355 6.47489696705 4.24570264749 3.28112288135
85.02802241793435 3.75812945029 5.69153762524 4.73790073315 2.89660882239
85.18815052041633 4.52737773795 3.71187951512 5.18125661219 2.65851878675
85.34827862289832 4.89215212666 0.732884297531 5.59198611626 2.46920813837
85.50840672538031 4.75490271296 -2.37376943917 5.96730057422 2.19001704686
85.66853482786229 4.18244958514 -4.55284405368 6.27913784 1.64248685191
85.82866293034428 3.37859984225 -5.22138046374 6.46683744906 0.599558195509
85.98879103282626 2.58976498292 -4.41748882347 6.43496599279 -1.10878443759
86.14891913530825 2.01385427431 -2.68898431758 6.08486220152 -3.30404907209
86.30904723779024 1.73240703112 -0.882118851536 5.38231488339 -5.39899758424
86.46917534027222 1.6994024708 0.346031665875 4.3902079928 -6.86702133387
86.6293034427542 1.80389096309 0.847589007138 3.22165040963 -7.62228867507
86.78943154523618 1.94032948868 0.774934218887 1.97735899905 -7.8452356052
86.94955964771817 2.02784094356 0.24271490829 0.731055870985 -7.65135074272
87.10968775020017 1.99223124153 -0.773663995288 -0.447928489244 -6.9857546446
87.26981585268214 1.75272173338 -2.29406710925 -1.47628367754 -5.76829738126
87.42994395516413 1.24087965482 -4.11788997884 -2.27268146694 -4.13851733938
87.59007205764611 0.440158491729 -5.82783551209 -2.80147769448 -2.50472330757
87.7502001601281 -0.599670448829 -7.06147479075 -3.09651599568 -1.26652032723
87.9103282626101 -1.78646647637 -7.6411210377 -3.23563160226 -0.555307527236
88.07045636509207 -3.00152750798 -7.36401101531 -3.29801320935 -0.28731016281
88.23058446757406 -4.07780678636 -5.83374334391 -3.34559669531 -0.357755760299
88.39071257005604 -4.78808947244 -2.80402457787 -3.42707498602 -0.696405085836
88.55084067253803 -4.92611785554 1.1251904246 -3.57506926859 -1.15145271272
88.71096877502002 -4.45296434866 4.5985194735 -3.78882360364 -1.47892594128
88.871096877502 -3.53151250721 6.64429469435 -4.03279753639 -1.51109416737
89.03122497998399 -2.4056836336 7.1901501838 -4.25135448354 -1.1377505577
89.19135308246597 -1.29390115526 6.51231708563 -4.36490981864 -0.1602813496
89.35148118494796 -0.372900549394 4.85149588981 -4.26160250244 1.57140861687
89.51160928742995 0.229333702354 2.63256718646 -3.83459430938 3.7931607111
89.67173738991193 0.478837372327 0.568742995052 -3.0569981841 5.83089129344
89.83186549239392 0.449461926693 -0.803264227549 -2.00561053031 7.16899380553
89.99199359487591 0.260976475732 -1.44506044235 -0.799957276086 7.78612098327
90.15212169735788 0.015148454653 -1.54730318168 0.460310411728 7.87930516469
90.31224979983988 -0.208902934723 -1.16029319644 1.69862555882 7.49889053804
90.47237790232185 -0.321461072904 -0.118765347191 2.82754347659 6.47584047343
90.63250600480384 -0.205082104016 1.69008608769 3.7307454568 4.68606373939
90.79263410728583 0.24396580931 3.93580471182 4.3031415065 2.44102881943
90.95276220976781 1.03983365901 5.89682097146 4.52555808943 0.431692457853
91.1128903122498 2.08509618188 6.98261021417 4.48055359947 -0.863618730822
91.27301841473178 3.21343704126 6.89416141179 4.28638511842 -1.4644459201
91.43314651721377 4.21604732813 5.36700018799 4.0365668456 -1.59239610549
91.59327461969576 4.84908295339 2.31053473519 3.79377616924 -1.39439355706
91.75340272217774 4.90910156864 -1.5963227222 3.6004774578 -1.00462713542
91.91353082465973 4.36539163481 -5.00548062254 3.47030378354 -0.645672154787
92.07365892714171 3.38322521647 -7.00622239065 3.38184459919 -0.504387033317
92.2337870296237 2.19550028726 -7.63419722237 3.29261645753 -0.66641998087
92.39391513210569 0.989000137441 -7.30550802484 3.14762808204 -1.21913452511
92.55404323458767 -0.108148879988 -6.29791703134 2.87587816657 -2.25963208329
92.71417133706966 -1.00012449921 -4.774194395 2.40003541803 -3.73847577791
92.87429943955163 -1.62418974114 -3.01350043541 1.67148277227 -5.34654724237
93.03442754203363 -1.97388628171 -1.41024076181 0.70332393515 -6.67069501909
93.19455564451562 -2.09906181049 -0.233429665177 -0.437136760245 -7.4851884139
93.3546837469976 -2.07378261158 0.474885568109 -1.66781650529 -7.81354896279
93.51481184947959 -1.9700564398 0.746576566621 -2.91796275279 -7.73355601835
93.67493995196156 -1.86155813252 0.510483563914 -4.11997493502 -7.1880485273
93.83506805444355 -1.84283529763 -0.399927069441 -5.18512150004 -5.99350151434
93.99519615692554 -2.02650856064 -1.98314030025 -6.00127430579 -4.10032625025
94.15532425940752 -2.48910233948 -3.76134248665 -6.48017217773 -1.87830600467
94.31545236188951 -3.19665190029 -4.90038921746 -6.61884193208 0.0546964328272
94.4755804643715 -3.98680394886 -4.71335994205 -6.49743133113 1.35212417518
94.63570856685348 -4.62321915652 -2.99338351911 -6.21618861392 2.08490030935
94.79583666933547 -4.88390097656 -0.141168720592 -5.84774346734 2.47838503342
94.95596477181745 -4.65866651361 2.892836715 -5.43006804269 2.72803609781
95.11609287429944 -4.00057006351 5.14169433712 -4.9737342446 2.98266729912
95.27622097678143 -3.07562213591 6.21952821296 -4.46879332894 3.34920957306
95.43634907926341 -2.06134569016 6.31725082746 -3.89189994972 3.88664534445
95.5964771817454 -1.08389798425 5.82369082532 -3.21491852198 4.59300811277
95.75660528422738 -0.209798916039 5.07272126505 -2.41576546969 5.39491910089
95.91673338670937 0.538905676668 4.28515910256 -1.48858181332 6.17048220254
96.07686148919136 1.16696456351 3.57737387451 -0.447327836463 6.80365197076
96.23698959167334 1.69058245702 2.98022525999 0.679037541791 7.22700455912
96.39711769415533 2.12622668419 2.4734234269 1.85491076014 7.42124822681
96.5572457966373 2.48621594946 2.03371639684 3.04327073938 7.38100464705
96.7173738991193 2.78189517749 1.67762352285 4.20468245269 7.07614465671
96.87750200160129 3.03157561935 1.47366105949 5.29154890918 6.43525031094
97.03763010408326 3.26619195776 1.49779292184 6.24311733505 5.37528601029
97.19775820656525 3.52262868937 1.72801242905 6.98977306394 3.8854611319
97.35788630904723 3.81952369613 1.9514830382 7.47185231176 2.10781670311
97.51801441152922 4.12855833433 1.82142486543 7.6634635031 0.303555937187
97.67814251401121 4.36997840415 1.08684200059 7.5801653159 -1.29823193513
97.83827061649319 4.44671352119 -0.197389262127 7.26335155181 -2.61091508759
97.99839871897518 4.29589209347 -1.68300108007 6.75775356733 -3.66707757576
98.15852682145717 3.91951262054 -2.95423770829 6.09885797073 -4.5367981469
98.31865492393915 3.37473866252 -3.76659589132 5.31191614922 -5.27228848955
98.47878302642114 2.73819887414 -4.11640730295 4.41648984432 -5.89235459425
98.63891112890312 2.07330886839 -4.15074818031 3.43131976469 -6.391030429
98.79903923138511 1.41627113477 -4.04528218834 2.37694556081 -6.75459139346
98.9591673338671 0.777977095791 -3.934167208 1.27583026695 -6.97395787264
99.11929543634908 0.152406384171 -3.8949736865 0.151317503412 -7.04680226241
99.27942353883107 -0.474911695839 -3.95747610115 -0.973151369135 -6.97349291356
99.43955164131305 -1.11986321691 -4.10947599688 -2.07422636268 -6.75491409245
99.59967974379504 -1.79257562001 -4.28884088929 -3.12894760452 -6.39603641703
99.75980784627703 -2.48818311338 -4.36831239305 -4.11586396357 -5.91134396029
99.919935948759 -3.17610672261 -4.15778292606 -5.01658281565 -5.32328558315
100.080064051241 -3.79358766088 -3.46126133919 -5.81610176408 -4.64858612126
100.24019215372297 -4.25430872825 -2.20660408665 -6.50027423059 -3.87791528149
100.40032025620496 -4.48011406635 -0.58399150666 -7.05032223344 -2.96154121437
100.56044835868695 -4.44542347981 0.960875941788 -7.43638493164 -1.81388125754
100.72057646116893 -4.20214557991 1.95825069624 -7.6144185413 -0.354370746305
100.88070456365092 -3.858629798 2.21393345886 -7.5336239261 1.40315803021
101.0408326661329 -3.52274878386 1.92239653717 -7.15892232594 3.27092772027
101.20096076861489 -3.24997345857 1.49631848318 -6.49650964717 4.94630767064
101.36108887109688 -3.03243386666 1.26959748575 -5.59772799001 6.19980175478
101.52121697357886 -2.8270080865 1.34372286404 -4.53615761679 6.98601713604
101.68134507606085 -2.58950276069 1.6530910974 -3.3811419724 7.38397345838
101.84147317854283 -2.29026808379 2.10166235134 -2.18719973901 7.48402321691
102.00160128102482 -1.91162644993 2.64221391932 -0.997793348262 7.33056386977
102.16172938350681 -1.43889224162 3.28047590269 0.147264333297 6.93005231637
102.32185748598879 -0.85479293312 4.03425558153 1.2089474616 6.29432100516
102.48198558847078 -0.141794095158 4.88097808359 2.15369939475 5.48548204593
102.64211369095277 0.708190159947 5.7212738454 2.96295975868 4.62589417422
102.80224179343475 1.68010259711 6.36363294159 3.64002697461 3.85562538743
102.96236989591674 2.71993320351 6.51049639716 4.207679867 3.26868747474
103.12249799839871 3.71773298063 5.77087176542 4.69763622905 2.88179777808
103.2826261008807 4.50338371694 3.83531448401 5.13876115199 2.64642728054
103.4427542033627 4.88973137715 0.87163797614 5.54819577102 2.4663216702
103.60288230584467 4.77270312138 -2.26789670653 5.9242994561 2.20421850901
103.76301040832666 4.21199357393 -4.51569317594 6.24044571581 1.68412190219
103.92313851080864 3.40788063304 -5.2609027839 6.43782973023 0.680506573484
104.08326661329063 2.60760281381 -4.51575086169 6.42223774886 -0.988498790451
104.24339471577262 2.01393472432 -2.80410647326 6.09289395978 -3.1716663868
104.4035228182546 1.71593880987 -0.967364112913 5.40981567008 -5.29371340661
104.56365092073659 1.6733094834 0.311780349173 4.4310208157 -6.80631757651
104.72377902321857 1.77608439831 0.858287104891 3.26906617038 -7.59815265468
104.88390712570056 1.91701118718 0.8188040328 2.02657967762 -7.84541452472
105.04403522818255 2.01383743786 0.314971060544 0.778572436673 -7.67273243823
105.20416333066453 1.9920003523 -0.674483301707 -0.405730945071 -7.03112853977
105.36429143314652 1.76996330652 -2.17788026698 -1.4430938666 -5.8334926829
105.5244195356285 1.27661464038 -4.0074685227 -2.25032616587 -4.20451270019
105.68454763811049 0.491543044814 -5.74547094001 -2.7881446897 -2.54827385577
105.84467574059248 -0.537983696274 -7.01548967252 -3.08758027278 -1.27776349116
106.00480384307446 -1.72044653407 -7.63392333888 -3.22620029052 -0.539423377045
106.16493194555645 -2.93824752089 -7.40891969284 -3.28448566201 -0.253310422434
106.32506004803844 -4.0273757962 -5.95208023686 -3.32558426082 -0.311578765924
106.48518815052041 -4.76251016828 -2.99080967709 -3.39912513179 -0.64518620596
106.6453162530024 -4.93233463066 0.927727528451 -3.53939906928 -1.10879530917
106.80544435548438 -4.48679820902 4.45967280037 -3.74786517943 -1.4567691954
106.96557245796637 -3.58092267165 6.58862474319 -3.99024868636 -1.51402591224
107.12570056044837 -2.45789247781 7.20883905105 -4.21176613219 -1.17404260947
107.28582866293034 -1.33775917033 6.59702527704 -4.33484146137 -0.245197355287
107.44595676541233 -0.398553946207 4.99042172404 -4.24931162766 1.43689458412
107.60608486789431 0.227908458101 2.78767141786 -3.8457270892 3.64339922152
107.7662129703763 0.500120079648 0.690471242514 -3.09002403837 5.71368184313
107.92634107285829 0.485901047416 -0.735924777515 -2.05325163111 7.10369344408
108.08646917534027 0.304394559815 -1.42259975844 -0.854496310485 7.76262172654
108.24659727782226 0.0594270850504 -1.55822592083 0.404505562062 7.88624190141
108.40672538030424 -0.169217489015 -1.2087785646 1.6465525198 7.54063266632
108.56685348278623 -0.293482845047 -0.218282742264 2.78589720732 6.56621544592
108.72698158526822 -0.197102320543 1.5434886067 3.70750840119 4.82220187924
108.8871096877502 0.22716188855 3.78164717348 4.30301380119 2.58500851808
109.04723779023219 1.00112052986 5.78380725422 4.54588261058 0.537419498076
109.20736589271417 2.03334502904 6.93464382598 4.51351969862 -0.810793752117
109.36749399519616 3.15978458078 6.91995590733 4.32436285089 -1.45182805118
109.52762209767815 4.17316567317 5.47711277668 4.07429698625 -1.60668764923
109.68775020016012 4.8302810322 2.49583362526 3.82746389727 -1.42970560058
109.84787830264212 4.92242983465 -1.3932032619 3.6273769348 -1.05193068807
110.00800640512409 4.40771639689 -4.85551791432 3.48960330811 -0.691169092219
110.16813450760608 3.44326164415 -6.93451039406 3.39465821797 -0.538908815812
110.32826261008807 2.26174769879 -7.62439245219 3.30113956599 -0.684462379891
110.48839071257005 1.05320776136 -7.33877492193 3.15508819337 -1.21285301886
110.64851881505204 -0.0522482927976 -6.36801882798 2.88681248883 -2.22195614351
110.80864691753403 -0.958113617748 -4.87583272408 2.41933727459 -3.67379854114
110.96877502001601 -1.59988583802 -3.12904560619 1.70204879951 -5.27463949628
111.128903122498 -1.96756639485 -1.51570819975 0.744442465699 -6.61368897929
111.28903122497998 -2.10773824593 -0.313939598326 -0.388809817194 -7.45247709914
111.44915932746197 -2.09307344899 0.422983010142 -1.61610628434 -7.80344370729
111.60928742994396 -1.99522657182 0.725980210381 -2.86637006407 -7.74579842754
111.76941553242594 -1.88693345607 0.530598580069 -4.07267892583 -7.23168345432
111.92954363490793 -1.86098282689 -0.329003359012 -5.14817611711 -6.08034490017
112.0896717373899 -2.02965666185 -1.87106496021 -5.9814960047 -4.22436591123
112.2497998398719 -2.47358222046 -3.64890316984 -6.48109684751 -2.00583096218
112.40992794235389 -3.16650261083 -4.83726948892 -6.63792575074 -0.040396574279
112.57005604483587 -3.9526555515 -4.72912710935 -6.52829438863 1.29947136061
112.73018414731786 -4.59817313417 -3.08891539378 -6.25270869396 2.06462693715
112.89031224979983 -4.87871379351 -0.286085571746 -5.88577767651 2.47790381479
113.05044035228183 -4.67719486853 2.75038216669 -5.46725685108 2.73764814757
113.21056845476382 -4.03878849076 5.04243750869 -5.00910315049 2.99463506764
113.3706965572458 -3.12549056164 6.17236488847 -4.50247279264 3.35747173324
113.53082465972778 -2.11535539166 6.30998686016 -3.92485400037 3.88689565707
113.69095276220976 -1.13691896936 5.84107120233 -3.24862004182 4.58336675904
113.85108086469175 -0.25881413772 5.10400326348 -2.45173362254 5.37674763448
114.01120896717374 0.49557303942 4.32410628091 -1.52788121718 6.14786087809
114.17133706965572 1.13025471112 3.62081131415 -0.490277456631 6.78144546818
114.33146517213771 1.66109524684 3.02686960055 0.632831724664 7.20905462371
114.49159327461969 2.10440763478 2.5223313243 1.80634449947 7.4100723703
114.65172137710168 2.47224588123 2.08210892058 2.99361092533 7.3790168861
114.81184947958367 2.77522711003 1.7189736407 4.15569635149 7.08746177646
114.97197758206565 3.0303025311 1.49786264099 5.24586680364 6.46643569133
115.13210568454764 3.26676975896 1.49571318094 6.20447246812 5.43272897237
115.29223378702963 3.5207126324 1.70035467945 6.96248120093 3.96883071316
115.45236188951161 3.8121523704 1.91505737239 7.45926159822 2.20519420137
115.6124899919936 4.11644212183 1.8030340643 7.66633425141 0.396229713752
115.77261809447558 4.35780987168 1.10646259967 7.59648647338 -1.22442875595
115.93274619695757 4.44088677309 -0.139584289738 7.28965973962 -2.55983273249
116.09287429943956 4.30123815476 -1.60521323551 6.79063877035 -3.63506640108
116.25300240192153 3.93732199913 -2.87990582981 6.13575086997 -4.51771918053
116.41313050440353 3.40305322026 -3.71127927655 5.35120927046 -5.26059712749
116.5732586068855 2.7735339023 -4.08380763702 4.45732930313 -5.88426240467
116.7333867093675 2.11230387209 -4.13656132327 3.47330874837 -6.38456546943
116.89351481184949 1.45652091857 -4.04267952544 2.41988964776 -6.74908847251
117.05364291433146 0.818121079761 -3.93729834283 1.31957994998 -6.96942832763
117.21377101681345 0.191845052625 -3.900265929 0.19569700041 -7.04352091397
117.37389911929543 -0.436401183933 -3.9637816604 -0.92837229749 -6.97185972231
117.53402722177742 -1.08250679717 -4.11796412503 -2.02935205365 -6.7554606067
117.69415532425941 -1.75696513131 -4.30288496936 -3.08438184297 -6.39948771101
117.85428342674139 -2.45559900838 -4.39299646518 -4.07215013047 -5.91874290515
118.01441152922338 -3.1486722108 -4.19805142993 -4.97447175091 -5.33623555529
118.17453963170536 -3.77395151816 -3.51793182362 -5.77666664214 -4.66955090532
118.33466773418735 -4.24460199241 -2.27177469397 -6.46506276123 -3.91035669148
118.49479583666934 -4.48043255307 -0.640789773578 -7.02149866932 -3.00957184549
118.65492393915132 -4.45294161236 0.930070469331 -7.41673634187 -1.88076849049
118.81505204163331 -4.21199222346 1.95953623884 -7.60696739478 -0.439038242454
118.9751801441153 -3.8663519186 2.23602147641 -7.54058470257 1.31015425778
119.13530824659728 -3.52672609115 1.94330228166 -7.18036499965 3.18590523353
119.29543634907927 -3.25196975102 1.49825966681 -6.52995199785 4.88295272809
119.45556445156124 -3.03598899438 1.24871160885 -5.63929208724 6.16136686803
119.61569255404324 -2.83529007961 1.30723587558 -4.58219283805 6.96744711658
119.77582065652523 -2.60421166027 1.61077073542 -3.42901209146 7.37867164634
119.9359487590072 -2.31174370144 2.06022394908 -2.23516233001 7.48768041579
120.0960768614892 -1.93946834382 2.60429989114 -1.04459836872 7.3411295416
120.25620496397117 -1.4725093507 3.24616917594 0.102610933046 6.94608070631
120.41633306645316 -0.893642809519 4.0032065574 1.1671502465 6.31346065702
120.57646116893515 -0.185304324748 4.85416029702 2.11497793354 5.50407665911
120.73658927141713 0.660939976025 5.70225875207 2.9269074313 4.64005710967
120.89671737389912 1.63090735232 6.36004713337 3.60571642885 3.86302702688
121.0568454763811 2.67223432343 6.53532243476 4.17401430921 3.26957524239
121.21697357886309 3.67732552276 5.83927763607 4.66374714516 2.87867580117
121.37710168134508 4.47781854998 3.95089200866 5.10431766274 2.64344548525
121.53722978382706 4.88499725283 1.00949636775 5.51365794393 2.46920653753
121.69735788630905 4.7887141721 -2.15469673575 5.89116237107 2.2201573535
121.85748598879103 4.24147022575 -4.46483445797 6.21150998953 1.7224799992
122.01761409127302 3.43963328771 -5.28288804185 6.41759146693 0.752414515102
122.17774219375501 2.63082872907 -4.59582057744 6.41646175167 -0.881251226634
122.33787029623699 2.02204984592 -2.90522105561 6.10578661294 -3.05144802242
122.49799839871898 1.70914299917 -1.04645547621 5.4405910637 -5.19575222266
122.65812650120095 1.6572300308 0.275901598592 4.47434356072 -6.74811984787
122.81825460368295 1.75753405004 0.861459179319 3.31884310104 -7.57368763628
122.97838270616494 1.90136277436 0.850511980124 2.07835107897 -7.84364443943
123.13851080864691 2.00522827704 0.371110292206 0.829066112941 -7.69076013178
123.2986389111289 1.99436117105 -0.593758328144 -0.359939688396 -7.07239403504
123.4587670136109 1.78688334143 -2.07890252331 -1.4057435067 -5.89626802577
123.61889511609287 1.30964540556 -3.90909813827 -2.22378188572 -4.27302787926
123.77902321857486 0.538808231774 -5.66883844342 -2.77152200279 -2.60045540164
123.93915132105684 -0.480928166428 -6.97050485418 -3.07712342665 -1.30203530355
124.09927942353883 -1.65893611345 -7.62424210694 -3.21751950195 -0.53854680551
124.25940752602082 -2.8787652306 -7.44720911958 -3.27416620286 -0.234842866013
124.4195356285028 -3.97930010923 -6.05916736741 -3.31125125624 -0.280562568648
124.57966373098479 -4.73730085425 -3.16498867429 -3.37915739592 -0.607242047577
124.73979183346677 -4.93720252605 0.738261099519 -3.51356202101 -1.07577629057
124.89991993594876 -4.51857048569 4.32179670375 -3.71795765484 -1.44024042844
125.06004803843075 -3.6285810216 6.5284032871 -3.95934701196 -1.51870297583
125.22017614091273 -2.50947464148 7.21784990342 -4.18370901534 -1.20675002544
125.38030424339472 -1.3830564829 6.66536695655 -4.31514955562 -0.31904170979
125.5404323458767 -0.428783623492 5.10712590019 -4.24505996395 1.31985105792
125.70056044835869 0.218258627473 2.92070277914 -3.86197891403 3.51139510233
125.86068855084068 0.510103826076 0.796544785851 -3.12573023459 5.60856621421
126.02081665332265 0.509156499143 -0.676692309703 -2.10217965449 7.0439399583
126.18094475580465 0.333802436149 -1.40269568375 -0.909825806055 7.74010141277
126.34107285828662 0.0896527715121 -1.56705592781 0.347773469801 7.89041423497
126.50120096076861 -0.142787692842 -1.24900679595 1.59271927276 7.57434754597
126.6613290632506 -0.27680687401 -0.30156998704 2.74064620742 6.64147645061
126.82145716573258 -0.19729649411 1.41884174093 3.67777673826 4.93820391098
126.98158526821457 0.205693060334 3.64806524431 4.2932095818 2.71064341822
127.14171337069656 0.960510162741 5.68429118142 4.55413885204 0.632067458246
127.30184147317854 1.98123266263 6.89259148848 4.53325381388 -0.7617780412
127.46196957566053 3.10621490688 6.94559886196 4.34891797651 -1.43813651377
127.62209767814251 4.12992396643 5.58202089766 4.09907833269 -1.6161797296
127.7822257806245 4.81000169364 2.67292769505 3.84927350826 -1.45643770199
127.94235388310649 4.93298628986 -1.19739448646 3.64405131568 -1.08732958306
128.10248198558847 4.4463535397 -4.70958580746 3.50077152923 -0.722628454159
128.26261008807046 3.49919077193 -6.86423034981 3.40168195995 -0.558397520283
128.42273819055245 2.323775065 -7.61469568959 3.30629211526 -0.687502755428
128.5828662930344 1.1132833924 -7.37064572142 3.16149275793 -1.19292263628
128.7429943955164 -3.58532077457e-05 -6.43364057662 2.89865874925 -2.17363027235
128.9031224979984 -0.918715822989 -4.96838241676 2.44093122138 -3.60261255548
129.0632506004804 -1.57637131375 -3.23115326761 1.73562830124 -5.20001516467
129.22337870296238 -1.95967273969 -1.60556688647 0.788805850996 -6.55620119673
129.38350680544437 -2.11234316728 -0.379249080234 -0.33723538234 -7.42001689416
129.54363490792633 -2.10602979099 0.383863073805 -1.56117856477 -7.79332160874
129.70376301040832 -2.01231957381 0.714081787999 -2.81146982937 -7.75671544879
129.86389111289031 -1.90328659116 0.553508030882 -4.02165455681 -7.27108717625
130.0240192153723 -1.87023310266 -0.262511949621 -5.10649258192 -6.1587229337
130.1841473178543 -2.02514513243 -1.76956069538 -5.95533461314 -4.33678711619
130.34427542033626 -2.45234659335 -3.54947067287 -6.4737691925 -2.12233728009
130.50440352281825 -3.13267754053 -4.78622831934 -6.64727257502 -0.128294565563
130.66453162530024 -3.91659127436 -4.75468388307 -6.54863507239 1.24947947839
130.82465972778223 -4.57255832769 -3.1913715118 -6.27860935614 2.04301790166
130.98478783026422 -4.87378962466 -0.434355107116 -5.9136933577 2.47255704912
131.1449159327462 -4.69619850811 2.60866863235 -5.4953678085 2.73918270836
131.30504403522818 -4.07704152358 4.94783940053 -5.03691877928 2.99572179267
131.46517213771017 -3.17440046584 6.13272874487 -4.53052546949 3.35268666223
131.62530024019216 -2.1670757654 6.31155022985 -3.95437816314 3.87297211166
131.78542834267415 -1.18625545605 5.86676743925 -3.28115074394 4.55997990346
131.94555644515611 -0.302980962646 5.1412221652 -2.48857786888 5.3470408303
132.1056845476381 0.457741554075 4.36507051655 -1.56963290622 6.11723186808
132.2658126501201 1.09899612975 3.6615490725 -0.536649834102 6.75509812626
132.4259407526021 1.63624600734 3.06612694307 0.582818838897 7.19030855698
132.58606885508408 2.08571241548 2.55983353934 1.7540533817 7.40057558803
132.74619695756604 2.45933039809 2.11632797076 2.94063817949 7.38035696718
132.90632506004803 2.76724875841 1.74540402312 4.1040088999 7.10290706343
133.06645316253002 3.02546351634 1.50940261504 5.1981316766 6.50133101767
133.22658126501202 3.26217996835 1.48688414719 6.16422411846 5.49179754579
133.386709367494 3.51322719299 1.67473666363 6.93358420889 4.05043590077
133.54683746997597 3.80027396254 1.88956319955 7.44451914133 2.29774126039
133.70696557245796 4.10206111671 1.80086111297 7.66617556817 0.483235736393
133.86709367493995 4.34600379289 1.14162516502 7.60899272581 -1.15434978706
134.02722177742194 4.43747118903 -0.0724747326641 7.31184434688 -2.50869622689
134.18734987990393 4.3097838101 -1.5270053227 6.81974717467 -3.59882116249
134.3474779823859 3.95773380938 -2.81301145268 6.16983465849 -4.49098926717
134.5076060848679 3.43236908099 -3.66789274192 5.38909721587 -5.23929585401
134.66773418734988 2.80784865539 -4.06398966842 4.49834678153 -5.86627830562
134.82786228983187 2.14834443911 -4.13343640296 3.51698190857 -6.36938918839
134.98799039231386 1.49227120468 -4.04819660649 2.46574939445 -6.73703728906
135.14811849479582 0.852725093642 -3.94528700032 1.36708458597 -6.96101975613
135.30824659727782 0.22522831829 -3.90712678024 0.244223340026 -7.03925026004
135.4683746997598 -0.403925622336 -3.96821588316 -0.879527122092 -6.97223799839
135.6285028022418 -1.05058543199 -4.12076321456 -1.98097642712 -6.76103715105
135.7886309047238 -1.72554959203 -4.30712263108 -3.03734768909 -6.41072810934
135.94875900720575 -2.42533017146 -4.40418264355 -4.02738800443 -5.93590660772
136.10888710968774 -3.12121338647 -4.22309936818 -4.93294430127 -5.35951975468
136.26901521216973 -3.75197119151 -3.56164385692 -5.73939392675 -4.69958042645
136.42914331465172 -4.23099996561 -2.33135894157 -6.43323794747 -3.9487393037
136.58927141713372 -4.47681705611 -0.702990020665 -6.99666508992 -3.05903305616
136.74939951961568 -4.45825402424 0.883655549379 -7.40091355312 -1.94424775166
136.90952762209767 -4.22260019934 1.9406136562 -7.60249149626 -0.516916635375
137.06965572457966 -3.87791816375 2.24107448075 -7.54937770851 1.2239950497
137.22978382706165 -3.53659153354 1.95636453654 -7.20278234262 3.10431684622
137.38991192954364 -3.26024107261 1.50303211919 -6.56419017754 4.81847891712
137.55004003202563 -3.04466500962 1.23879034943 -5.68211117759 6.11866704114
137.7101681345076 -2.84655101589 1.28590374302 -4.63027395196 6.94356806378
137.8702962369896 -2.61937006404 1.58442906321 -3.47975917026 7.36846172214
138.03042433947158 -2.33120730806 2.03323124016 -2.28669821288 7.48766880265
138.19055244195357 -1.96322155312 2.57763399775 -1.09541154698 7.35010244492
138.35068054443556 -1.50057963003 3.21864428867 0.0539360758516 6.96375159844
138.51080864691752 -0.926274082436 3.9737090435 1.12193363496 6.338616846
138.67093674939952 -0.222767039412 4.82375098217 2.07418125889 5.53338799798
138.8310648518815 0.618812236211 5.67549986205 2.89081142441 4.66860745143
138.9911929543635 1.58535236497 6.34592738837 3.57382669792 3.88646587308
139.1513210568455 2.62634948186 6.54812212688 4.14532628246 3.28607281126
139.31144915932745 3.63680030373 5.89597902767 4.63719520919 2.88921731069
139.47157726180944 4.45051056502 4.05847452413 5.07917227885 2.65114471861
139.63170536429143 4.87780972668 1.14698357414 5.48983596904 2.47900408073
139.79183346677343 4.80292945861 -2.03306416775 5.86950274128 2.23857827893
139.95196156925542 4.27106815356 -4.39893420607 6.19403550286 1.75796600422
140.11208967173738 3.4742587478 -5.28594002638 6.40786007839 0.815229877226
140.27221777421937 2.66008212178 -4.65605283217 6.41930712266 -0.787911202501
140.43234587670136 2.03913133568 -2.99034944905 6.12499997158 -2.94509889522
140.59247397918335 1.71325980679 -1.11766793592 5.47580489826 -5.10693552625
140.75260208166534 1.65261542598 0.239249216101 4.52108972035 -6.69366952609
140.9127301841473 1.74975191055 0.857040284508 3.37174887221 -7.54951130978
141.0728582866293 1.89482796962 0.869311029401 2.13337225332 -7.84021815022
141.2329863891113 2.00329051063 0.409803302797 0.88320262307 -7.70557117514
141.39311449159328 2.00032901445 -0.53343270542 -0.309897402734 -7.10950682494
141.55324259407527 1.80414225654 -1.99956635056 -1.36355202267 -5.9564024269
141.71337069655723 1.3402392202 -3.82513824685 -2.19233975419 -4.34401574191
141.87349879903923 0.581893552431 -5.59959907584 -2.75094116214 -2.66188601168
142.03362690152122 -0.428764985617 -6.92740334719 -3.06464055671 -1.34074280569
142.1937550040032 -1.6023014696 -7.61258989597 -3.20935496221 -0.554585988502
142.3538831064852 -2.82352231692 -7.47932829032 -3.26714458059 -0.234007210194
142.51401120896716 -3.93408061646 -6.15522749547 -3.30302928171 -0.26686851258
142.67413931144915 -4.71295063029 -3.32612358653 -3.36795023678 -0.584723797373
142.83426741393114 -4.94108487705 0.557827000477 -3.49866537622 -1.05429116203
142.99439551641314 -4.54847524519 4.18586232972 -3.70047177868 -1.4307163412
143.15452361889513 -3.67455652187 6.46423033065 -3.94164658293 -1.52608377614
143.3146517213771 -2.56042376518 7.21754796868 -4.16887425217 -1.23664717718
143.47477982385908 -1.42975381615 6.71732718747 -4.30762428406 -0.382194043504
143.63490792634107 -0.463631707737 5.20046688368 -4.25061546361 1.22107361121
143.79503602882306 0.200034311132 3.02900212321 -3.88486343287 3.39948092033
143.95516413130505 0.50795190944 0.883792600692 -3.16519304266 5.51843893018
144.11529223378702 0.517938232465 -0.627904518614 -2.15305126408 6.99194009832
144.275420336269 0.347628965617 -1.38655584668 -0.966327482562 7.71982062636
144.435548438751 0.104121577003 -1.57435590275 0.28988626999 7.89258527521
144.595676541233 -0.131385130504 -1.28128045227 1.53700609009 7.60063722308
144.75580464371498 -0.27322055918 -0.368410922917 2.69174142561 6.70179531808
144.91593274619694 -0.207323829755 1.3176685194 3.64144383151 5.03304344704
145.07606084867894 0.178268183579 3.53802413095 4.27334192329 2.81556178308
145.23618895116093 0.917227039466 5.60149830055 4.54952486269 0.713074095693
145.39631705364292 1.92844093123 6.85884192345 4.53861025225 -0.718197463033
145.5564451561249 3.05271516766 6.97255856219 4.35873030761 -1.42398024679
145.71657325860687 4.08649120493 5.6825274402 4.10954407933 -1.62090811407
145.87670136108886 4.78848266943 2.84182824028 3.8578615961 -1.47425808275
146.03682946357085 4.94093526184 -1.00978673913 3.64924592218 -1.11003115988
146.19695756605284 4.48128148456 -4.5689985112 3.50271967517 -0.738790290453
146.35708566853484 3.55079602332 -6.79653668051 3.40205458874 -0.561290910403
146.51721377101683 2.38121134156 -7.60585590192 3.30747604072 -0.673837652786
146.6773418734988 1.16875974509 -7.40164290161 3.16652286921 -1.15755913514
146.83746997598078 0.047948300585 -6.49518367495 2.91138228597 -2.11291715997
146.99759807846277 -0.882512204214 -5.05187796332 2.46503719015 -3.52355104808
147.15772618094476 -1.55417804403 -3.3190880495 1.77260954146 -5.12201754326
147.31785428342675 -1.95055007263 -1.67820749654 0.836848333964 -6.49831143669
147.47798238590872 -2.11291934719 -0.427291417212 -0.282028073652 -7.38826390525
147.6381104883907 -2.11236021711 0.35956196968 -1.50272971227 -7.78371079099
147.7982385908727 -2.02073975164 0.712620603548 -2.75304240119 -7.76682999234
147.9583666933547 -1.90977604798 0.580519398208 -3.96676488699 -7.30675769294
148.11849479583668 -1.86958630319 -0.199853101014 -5.05999736696 -6.22885672537
148.27862289831864 -2.01196346404 -1.67915009781 -5.92269881183 -4.43707877393
148.43875100080064 -2.42456249045 -3.46470671869 -6.45794963208 -2.22650406088
148.59887910328263 -3.09465781078 -4.74940290804 -6.64640584031 -0.207475903801
148.75900720576462 -3.87841800389 -4.79187269812 -6.55776602555 1.20318359267
148.9191353082466 -4.54642527267 -3.30194449891 -6.29308975096 2.02043242527
149.07926341072857 -4.86931306163 -0.586425500189 -5.93067713953 2.46217646179
149.23939151321056 -4.71587077814 2.46802980228 -5.51364627039 2.73209431244
149.39951961569255 -4.11541918537 4.85879319756 -5.05653701618 2.98510898306
149.55964771817455 -3.22227492641 6.10170811064 -4.55245323897 3.33386552392
149.71977582065654 -2.21625857751 6.32289443697 -3.98013944721 3.84381362624
149.8799039231385 -1.23152084012 5.90147534379 -3.31234649119 4.52181537756
150.0400320256205 -0.341820253854 5.18480182572 -2.52628879 5.3049099071
150.20016012810248 0.425936446528 4.40818150752 -1.61394946742 6.07797555786
150.36028823058447 1.07370898857 3.69938579767 -0.58662889082 6.72433876303
150.52041633306646 1.61649628456 3.09745806786 0.528798197726 7.17082360662
150.68054443554843 2.07048685858 2.58511807729 1.69786657998 7.39304535941
150.84067253803042 2.44766945447 2.13537050469 2.88423635277 7.38541955275
151.0008006405124 2.75799334812 1.75579483599 4.04956767519 7.12291809008
151.1609287429944 3.01691284693 1.50716934056 5.14836061065 6.54038193734
151.3210568454764 3.25211219482 1.47042890273 6.12245795994 5.55286692576
151.48118494795835 3.49976404289 1.65085907608 6.90320872899 4.13038288786
151.64131305044035 3.7834949052 1.87550324388 7.42773546385 2.38513581595
151.80144115292234 4.08516557094 1.81612892706 7.66301233407 0.56387616109
151.96156925540433 4.33453226137 1.19377739896 7.61758863989 -1.08873715443
152.12169735788632 4.43664618862 0.00498615331903 7.3297111082 -2.45795703057
152.28182546036828 4.32181202486 -1.44815655128 6.8448458316 -3.55837549231
152.44195356285027 3.9809962141 -2.75418194276 6.20090103207 -4.45628700213
152.60208166533226 3.46278662058 -3.63756538388 5.42544195578 -5.20785766275
152.76220976781426 2.84105367394 -4.05813631935 4.53949438209 -5.83782814171
152.92233787029625 2.18116986876 -4.14231557573 3.56237809115 -6.34500560079
153.0824659727782 1.52314015136 -4.06240643452 2.51463085971 -6.71810071666
153.2425940752602 0.881346307319 -3.95834900651 1.41848869036 -6.94858823195
153.4027221777422 0.252102760688 -3.91550672368 0.297048778062 -7.03403175892
153.56285028022418 -0.377915512482 -3.97055361225 -0.826483516761 -6.97483079558
153.72297838270617 -1.0244848313 -4.11754474925 -1.92901058682 -6.77197816319
153.88310648518814 -1.69865643863 -4.30115081981 -2.98781848847 -6.43019724936
154.04323458767013 -2.3976337123 -4.4013887257 -3.98162762755 -5.96335007233
154.20336269015212 -3.09390384289 -4.23232998966 -4.89213586184 -5.39369154382
154.3634907926341 -3.7277113476 -3.59164957113 -5.70450768253 -4.73922016171
154.5236188951161 -4.21344297911 -2.38457883412 -6.405106392 -3.99353784497
154.6837469975981 -4.46909973054 -0.770077470453 -6.97619345425 -3.11025174161
154.84387510008006 -4.46115415333 0.821559300456 -7.38932209566 -2.00439091345
155.00400320256205 -4.23382890978 1.90072283114 -7.60138028082 -0.587704235832
155.16413130504404 -3.89334790392 2.22792954816 -7.56031281972 1.14534717148
155.32425940752603 -3.55255165121 1.96052664573 -7.22636224933 3.0269482054
155.48438751000802 -3.27512205487 1.5101992165 -6.59929923855 4.75342663082
155.64451561248998 -3.05880484736 1.24013644139 -5.72620431822 6.07188055322
155.80464371497197 -2.86103936651 1.28052637616 -4.68041241364 6.91434988852
155.96477181745396 -2.63507813009 1.57505231345 -3.53340548093 7.35327438921
156.12489991993596 -2.34860068818 2.02164444594 -2.34183942063 7.4839414988
156.28502802241795 -1.9826855735 2.56302399035 -1.15026955347 7.35746327678
156.4451561248999 -1.52279072568 3.19849142074 0.00120324622976 6.98308118033
156.6052842273819 -0.952298886594 3.94609776896 1.07326876239 6.36989509767
156.7654123298639 -0.253762193748 4.78982175995 2.03130951077 5.57369072654
156.92554043234588 0.582220115678 5.64085467241 2.85473465244 4.71203937988
157.08566853482787 1.54381890948 6.32101863575 3.5445161134 3.92659979141
157.24579663730984 2.58261543689 6.54856401066 4.1218869669 3.31889247375
157.40592473979183 3.59642545939 5.94045670716 4.61836373236 2.91409608161
157.56605284227382 4.4216059222 4.15724230688 5.06380993008 2.67011325433
157.7261809447558 4.86816948352 1.28318837828 5.47729956298 2.49617917563
157.8863090472378 4.81522127477 -1.90363050136 5.85995420997 2.2598198114
158.04643714971976 4.30059455978 -4.31820521312 6.18870297574 1.79083009261
158.20656525220176 3.51155928658 -5.26993328913 6.40934410206 0.869012418078
158.36669335468375 2.69522032003 -4.69585208858 6.4314539154 -0.708955075421
158.52682145716574 2.06517884367 -3.05833803926 6.15107843273 -2.85380726322
158.68694955964773 1.72849199703 -1.17971040153 5.51578228956 -5.02871418742
158.8470776621297 1.65984557741 0.202684817603 4.57137494603 -6.64406695057
159.00720576461168 1.75321118373 0.845338257637 3.42776236368 -7.52623785658
159.16733386709367 1.89789726165 0.875130654734 2.19154864107 -7.83546708119
159.32746196957567 2.00848333988 0.430699769755 0.940843137142 -7.7173610358
159.48759007205766 2.01027888423 -0.49423840678 -0.255759968442 -7.14245290257
159.64771817453962 1.82195876476 -1.94108882704 -1.31664552833 -6.01352617743
159.8078462770216 1.36839375297 -3.75705671206 -2.1560433692 -4.41686985917
159.9679743795036 0.620576049466 -5.53897383656 -2.72635846595 -2.73214492008
160.1281024819856 -0.381874596394 -6.88693195714 -3.05005686709 -1.39393218889
160.28823058446758 -1.55101430249 -7.59940735404 -3.20167426335 -0.587990938712
160.44835868694955 -2.77305121532 -7.50559751339 -3.26347902472 -0.251456860255
160.60848678943154 -3.89228041399 -6.24024368618 -3.3010912183 -0.271275332045
160.76861489191353 -4.68995866307 -3.47335845314 -3.36581264636 -0.578551347583
160.92874299439552 -4.94427496576 0.388077690976 -3.4951682548 -1.04525635138
161.0888710968775 -4.57653213884 4.05348647843 -3.69599384474 -1.42883766939
161.24899919935947 -3.71865044013 6.39719310189 -3.93781274416 -1.5365458194
161.40912730184147 -2.61039829096 7.20867647317 -4.16798266007 -1.26407861023
161.56925540432346 -1.4774058423 6.75342576118 -4.31303905884 -0.434906384969
161.72938350680545 -0.502615976423 5.27027014682 -4.26674698208 1.14099517705
161.88951160928744 0.173597204354 3.11122691539 -3.9149886603 3.30923835594
162.0496397117694 0.493747036197 0.950260805476 -3.20870621469 5.4454591904
162.2097678142514 0.512039569634 -0.591089299085 -2.20583725168 6.94944643858
162.36989591673338 0.345485415375 -1.37495377157 -1.02374944762 7.70283785474
162.53002401921538 0.102359776781 -1.58047620631 0.231230970926 7.89344305625
162.69015212169737 -0.135533609955 -1.30590773082 1.47990671598 7.62017680649
162.85028022417936 -0.283292324199 -0.418976640731 2.63978185138 6.74773561883
163.01040832666132 -0.227726511207 1.24058665582 3.59914852473 5.10653818589
163.1705364291433 0.144537310382 3.45327864034 4.24393031311 2.89847750015
163.3306645316253 0.871249043155 5.53758064279 4.53230692027 0.778742468285
163.4907926341073 1.87525484797 6.83496879644 4.52961672897 -0.681235467814
163.65092073658928 2.99975178441 7.00152657422 4.3536953363 -1.4098652068
163.81104883907125 4.04337233957 5.77845924754 4.10554184322 -1.62103158989
163.97117694155324 4.76613009892 3.00146291356 3.85305979846 -1.48322299784
164.13130504403523 4.94644761576 -0.832181257401 3.64279156432 -1.11997728278
164.29143314651722 4.51236979558 -4.43555127126 3.49529786591 -0.739487513828
164.4515612489992 3.59770455197 -6.73248084831 3.39565459772 -0.547435627797
164.61168935148117 2.4335819437 -7.59818046208 3.30458787391 -0.643392803576
164.77181745396317 1.21915117452 -7.43163274665 3.17008042431 -1.1067752321
164.93194555644516 0.091253870864 -6.55234958848 2.92487806956 -2.03990334129
165.09207365892715 -0.849896788738 -5.125911367 2.49152732115 -3.43681762233
165.25220176140914 -1.53361668614 -3.39222721918 1.81281450333 -5.04103647271
165.4123298638911 -1.94039025295 -1.73282380268 0.888316750124 -6.44051336053
165.5724579663731 -2.10952524125 -0.457246469114 -0.223519171847 -7.35766861463
165.73258606885508 -2.11200370847 0.350729900507 -1.44115194264 -7.77491496415
165.89271417133708 -2.02033934269 0.722030452885 -2.6915186419 -7.77633161451
166.05284227381907 -1.90620040082 0.611868383222 -3.90846605408 -7.33882091738
166.21297037630103 -1.85882302806 -0.141063264842 -5.00915618768 -6.29070442155
166.37309847878302 -1.98993390765 -1.60034784197 -5.88401446536 -4.52473693141
166.533226581265 -2.39017473275 -3.39553758886 -6.43393588499 -2.31730562085
166.693354683747 -3.05253339721 -4.72754420031 -6.63544462675 -0.27684870198
166.853482786229 -3.83829503345 -4.84075388156 -6.5556571583 1.16131298362
167.01361088871096 -4.51988618752 -3.42000850411 -6.29603805222 1.99722365383
167.17373899119295 -4.86526190987 -0.74134046868 -5.93657884631 2.44691466806
167.33386709367494 -4.73604138169 2.32928644467 -5.52192325192 2.71648444922
167.49399519615693 -4.1536499969 4.77572001501 -5.06777030361 2.96293844135
167.65412329863892 -3.26881614908 6.07926233218 -4.56803959446 3.30123054206
167.81425140112088 -2.26264536813 6.34366423761 -4.0018809721 3.79969431034
167.97437950360288 -1.2725284431 5.94471940025 -3.34190784035 4.469115444
168.13450760608487 -0.375222022209 5.23430270917 -2.56453604074 5.25049879043
168.29463570856686 0.400204713885 4.45311608285 -1.66048739583 6.03013784267
168.45476381104885 1.05439760554 3.73411479961 -0.63986893418 6.68916695278
168.6148919135308 1.60182529022 3.12076418936 0.471114131587 7.15057961875
168.7750200160128 2.05870860001 2.59818697699 1.63812186904 7.38742158214
168.9351481184948 2.4372491413 2.13935134326 2.8247296273 7.39406764711
169.09527622097679 2.74747179315 1.75039429442 3.99266845412 7.14723028017
169.25540432345878 3.00470540376 1.49146769557 5.09679964306 6.58321972197
169.41553242594074 3.23666485083 1.44653847712 6.07935774809 5.61555579364
169.57566052842273 3.48042971947 1.62862835251 6.87148346711 4.20835975161
169.73578863090472 3.76188506472 1.87252529104 7.40899123612 2.46707880413
169.8959167333867 4.06575431582 1.84833981022 7.65687619869 0.637828840542
170.0560448358687 4.32331457655 1.26244817924 7.62225359578 -1.02791055685
170.21617293835067 4.43826706726 0.0924818868433 7.34319169827 -2.40788686454
170.37630104083266 4.33714556171 -1.36880458473 6.86582607707 -3.51395455183
170.53642914331465 4.0069218068 -2.70343635548 6.22880698837 -4.41381735027
170.69655724579664 3.49412352942 -3.62021943948 5.460068071 -5.16648083214
170.85668534827863 2.87298590032 -4.06604298808 4.58056599802 -5.79909858893
171.01681345076062 2.21065964545 -4.16282934889 3.60926310001 -6.3115860609
171.17694155324259 1.5490759871 -4.08480657555 2.56627434433 -6.69243027024
171.33706965572458 0.904015880966 -3.97592718694 1.47351154925 -6.93224513243
171.49719775820657 0.272583944215 -3.92489000732 0.353880619809 -7.0278954231
171.65732586068856 -0.358183918448 -3.97044716417 -0.769528178102 -6.97952107523
171.81745396317055 -1.00398373413 -4.10824296395 -1.87370680668 -6.7879652105
171.9775820656525 -1.67608177745 -4.28525766368 -2.93597809109 -6.45736235215
172.1377101681345 -2.37237795611 -4.38521732623 -3.93495390283 -6.00038124585
172.2978382706165 -3.06672002411 -4.22647991466 -4.85201557383 -5.43800787496
172.4579663730985 -3.70125618043 -3.60851256817 -5.67186282636 -4.78780300368
172.61809447558048 -4.19206828929 -2.43150165194 -6.38043056474 -4.04428124384
172.77822257806244 -4.45737883441 -0.841519439284 -6.95979282049 -3.16304069337
172.93835068054443 -4.46161831126 0.744704869146 -7.38166584935 -2.06131198477
173.09847878302642 -4.2455010258 1.84081821912 -7.60337313255 -0.651710213184
173.2586068855084 -3.91233243232 2.19725273415 -7.57318035378 1.07390964045
173.4187349879904 -3.57422249441 1.95605890892 -7.2509332598 2.95362938854
173.57886309047237 -3.29621407471 1.51965752948 -6.63512522913 4.68776022375
173.73899119295436 -3.07805013011 1.25237526292 -5.77141635881 6.02104169287
173.89911929543635 -2.87847384783 1.2905381134 -4.73244406545 6.87985757482
174.05924739791834 -2.65115741097 1.58192563479 -3.58977425655 7.33320550797
174.21937550040033 -2.36386828149 2.02466720729 -2.4003926521 7.47659269311
174.3795036028823 -1.99793124099 2.55971129284 -1.20897010327 7.36321123881
174.5396317053643 -1.53932229677 3.18512505425 -0.0554019087343 7.00384793123
174.69975980784628 -0.971970989306 3.92004892676 1.02128264152 6.40676883811
174.85988791032827 -0.278573978109 4.75231034844 1.98638198285 5.62417520375
175.02001601281026 0.550886570958 5.59845994212 2.81855014809 4.76938248173
175.18014411529222 1.50606415035 6.28561724064 3.5174982566 3.98244657826
175.3402722177742 2.54085060654 6.53711584329 4.10325670552 3.36710972378
175.5004003202562 3.55610650237 5.97328941994 4.60667216298 2.95248157858
175.6605284227382 4.39110585153 4.24764999592 5.05752793843 2.69966981536
175.8206565252202 4.85612408293 1.41819856422 5.47525410075 2.52027781927
175.98078462770215 4.82561927073 -1.76671242704 5.86167354169 2.28374977354
176.14091273018414 4.32999334605 -4.22339760789 6.19468448683 1.82143197891
176.30104083266613 3.55131388046 -5.23615560165 6.42132381641 0.914756734176
176.46116893514812 2.73578053022 -4.71687328156 6.45238144776 -0.642974352437
176.62129703763011 2.09947356497 -3.11061475738 6.1837213748 -2.77634583877
176.78142514011208 1.75394393708 -1.23335233768 5.56037423663 -4.96041963911
176.94155324259407 1.67795512935 0.166067605732 4.62511674709 -6.59909719743
177.10168134507606 1.7669628737 0.826701551492 3.48681512782 -7.50390053309
177.26180944755805 1.90971379618 0.868794468343 2.25279209779 -7.82962318086
177.42193755004004 2.02012006523 0.435138581599 1.00184610802 -7.7266152074
177.582065652522 2.0237732398 -0.474437404632 -0.19776503984 -7.17193056383
177.742193755004 1.84018130245 -1.90171118072 -1.26537321816 -6.06827509776
177.902321857486 1.39421320487 -3.70347928108 -2.11531555626 -4.49181840827
178.06244995996798 0.655137919983 -5.48609415927 -2.69818977959 -2.81093544525
178.22257806244997 -0.339868970582 -6.84862030268 -3.0337082491 -1.46093678338
178.38270616493193 -1.50464389419 -7.58465299375 -3.19468709379 -0.637870362914
178.54283426741392 -2.72696175995 -7.52660797573 -3.26322338036 -0.286142999799
178.7029623698959 -3.85366245244 -6.31552049556 -3.30531455615 -0.292647430107
178.8630904723779 -4.66832682651 -3.60828884344 -3.37244430215 -0.587663930643
179.0232185748599 -4.94700282827 0.227824886195 -3.50261727321 -1.04782342622
179.1833466773419 -4.60310241419 3.92422509109 -3.70395184557 -1.43396328439
179.34347477982385 -3.76123871694 6.32751418876 -3.9471882813 -1.54969554975
179.50360288230584 -2.6596807684 7.19225063655 -4.18035338608 -1.28921241786
179.66373098478783 -1.5260555829 6.77563129443 -4.33080754805 -0.478199141453
179.82385908726982 -0.545404700035 5.31912370323 -4.29308706508 1.07801679403
179.98398718975182 0.139682455513 3.16967292537 -3.9522326887 3.23933949101
180.14411529223378 0.468523470566 0.997352541089 -3.25629918158 5.38909237629
180.30424339471577 0.492657483174 -0.565548149123 -2.26060086067 6.91650244871
180.46437149719776 0.328648642403 -1.36754849896 -1.08212509785 7.68944466685
180.62449959967975 0.0856716083457 -1.58545331265 0.171840629167 7.89356563182
180.78462770216174 -0.153985778289 -1.32362935975 1.42159115536 7.63416662307
180.9447558046437 -0.30596824785 -0.454946260368 2.58519872356 6.78136716962
181.1048839071257 -0.25777202343 1.18539728675 3.55170237694 5.16123723473
181.2650120096077 0.104903400695 3.39205983554 4.20616989261 2.96148247208
181.42514011208968 0.822767469171 5.49166404145 4.5039398165 0.830218812494
181.58526821457167 1.82178196308 6.82073353832 4.50785098893 -0.650431144416
181.74539631705363 2.94742419218 7.03260912631 4.33543289065 -1.39569126992
181.90552441953562 4.00071034468 5.87022329077 4.08867996586 -1.6168118445
182.06565252201761 4.7431693487 3.15241293603 3.83639757862 -1.48406851588
182.2257806244996 4.94983606475 -0.66412231547 3.62606309842 -1.11833849247
182.3859087269816 4.53998596468 -4.30903951874 3.47966921405 -0.726162672689
182.54603682946356 3.64030910029 -6.67195577782 3.38340021032 -0.518431382952
182.70616493194555 2.48129779365 -7.59145663421 3.29828147846 -0.597869850405
182.86629303442754 1.26490804408 -7.46036878866 3.17254638029 -1.04224021303
183.02642113690953 0.130358142666 -6.60512733241 2.93927498747 -1.95600506222
183.18654923939152 -0.820428587605 -5.1909786958 2.52033701814 -3.3433967712
183.3466773418735 -1.51437234047 -3.45160155959 1.85605904291 -4.95764270743
183.50680544435548 -1.92907428348 -1.77075287904 0.94295890874 -6.38315027356
183.66693354683747 -2.10226909393 -0.470574641315 -0.162002677104 -7.32843988117
183.82706164931946 -2.10530126873 0.355952648045 -1.37676670498 -7.76708650112
183.98718975180145 -2.01166947726 0.741143235511 -2.6272470803 -7.78543639874
184.14731785428341 -1.89326015765 0.646904880246 -3.84715980303 -7.36776260133
184.3074459567654 -1.83869111487 -0.0860678418522 -4.95448131988 -6.3451649836
184.4675740592474 -1.95973745075 -1.53243603946 -5.83996266702 -4.6009130304
184.6277021617294 -2.34971816596 -3.3409158632 -6.40258702022 -2.39573728065
184.78783026421138 -3.0066578454 -4.71945541713 -6.61537787551 -0.337019898256
184.94795836669334 -3.79637533198 -4.90004560454 -6.54336519725 1.12361862312
185.10808646917533 -4.49289676612 -3.54445665834 -6.2885244701 1.97344995988
185.26821457165732 -4.86145864573 -0.898594497233 -5.93243212942 2.42718232123
185.42834267413932 -4.75651364831 2.19218348388 -5.5211354951 2.6931542669
185.5884707766213 -4.19163056429 4.69775873702 -5.07139683633 2.93038155856
185.74859887910327 -3.31408917944 6.06415458743 -4.57784980151 3.25625257541
185.90872698158526 -2.30651249357 6.3724749098 -4.01991814024 3.74222824592
186.06885508406725 -1.30977397694 5.9952313647 -3.36989687872 4.40338739477
186.22898318654924 -0.403859406147 5.28882044707 -2.60316537605 5.18497562133
186.38911128903123 0.379767878069 4.49946685041 -1.70893855184 5.9744475692
186.5492393915132 1.04026204586 3.76587223116 -0.69597852457 6.64990039971
186.7093674939952 1.59149856597 3.1367216607 0.410181985808 7.12957362573
186.86949559647718 2.04979074452 2.60026113639 1.57521297928 7.38343814551
187.02962369895917 2.42772024456 2.12999277163 2.76244764838 7.40578883299
187.18975180144116 2.73564114423 1.73120682489 3.93354090632 7.17516258679
187.34987990392312 2.9891166984 1.46415927888 5.04356541443 6.62917348018
187.51000800640512 3.21636003341 1.41634034876 6.03495269788 5.67948498012
187.6701361088871 3.45583377022 1.60794155511 6.8384156654 4.28450059842
187.8302642113691 3.73592858363 1.87920753975 7.38835799845 2.54420671842
187.9903923138511 4.04401235776 1.8953016591 7.64796026774 0.705919453165
188.15052041633308 4.31218298217 1.34558015811 7.62330299244 -0.971222049041
188.31064851881504 4.44190418619 0.188898821863 7.35267301451 -2.35826864967
188.47077662129703 4.35527329299 -1.28881001835 6.88306901632 -3.46585901304
188.63090472377903 4.03510796436 -2.65960933003 6.25384825418 -4.36432497941
188.79103282626102 3.5262095956 -3.61414088781 5.49312914719 -5.1161704343
188.951160928743 2.90376413517 -4.08589603084 4.6215477691 -5.75114278198
189.11128903122497 2.23721332042 -4.19336729636 3.65746202482 -6.27005814417
189.27141713370696 1.57071464505 -4.11411615577 2.62037304035 -6.66072250656
189.43154523618895 0.921549950018 -3.99711099177 1.53175689623 -6.91239090064
189.59167333867094 0.28760463988 -3.93477837775 0.414286053064 -7.02088519504
189.75180144115294 -0.343756231227 -3.96788192875 -0.709068322451 -6.98593577935
189.9119295436349 -0.988151605872 -4.09344789737 -1.81537566029 -6.80815767623
190.0720576461169 -1.65704500417 -4.26072663657 -2.88196557037 -6.49093565692
190.23218574859888 -2.34903964177 -4.35759707525 -3.88727238581 -6.04539982629
190.39231385108087 -3.03948036351 -4.20782224619 -4.81222341666 -5.4907998834
190.55244195356286 -3.67277671478 -3.6142288111 -5.64084658179 -4.84389509634
190.71257005604483 -4.16729033674 -2.47306589634 -6.3584066654 -4.10005867735
190.87269815852682 -4.44209735445 -0.916670106072 -6.94657048601 -3.21723175661
191.0328262610088 -4.45986376025 0.655195770478 -7.37709144839 -2.11566934426
191.1929543634908 -4.25742758094 1.76368680792 -7.60777910223 -0.710241295144
191.3530824659728 -3.93424992047 2.15147186151 -7.58751967562 1.00822591966
191.51321056845475 -3.60068136839 1.94419075852 -7.27624006858 2.88333398058
191.67333867093674 -3.32251594019 1.53120217193 -6.67152285344 4.62110949645
191.83346677341873 -3.10153259543 1.2741200838 -5.81761659096 5.96629736638
191.99359487590073 -2.89827376291 1.31380236077 -4.78618975881 6.84051691536
192.15372297838272 -2.6674017153 1.60258555335 -3.64860813427 7.30876924612
192.31385108086468 -2.37719891406 2.03986736251 -2.46202176929 7.46608122557
192.47397918334667 -2.00951156058 2.56562585633 -1.27112061593 7.36755809132
192.63410728582866 -1.5510099693 3.17713526386 -0.115489155667 7.02576007236
192.79423538831065 -0.986285146412 3.89499420491 0.966262188091 6.44822025626
192.95436349079264 -0.29822188815 4.71146216817 1.93946157302 5.68307179804
193.1144915932746 0.523884076244 5.54918016532 2.78199314809 4.83833859184
193.2746196957566 1.47133445159 6.24099828635 3.49212101067 4.05150413576
193.4347477982386 2.50052961018 6.51533604689 4.08838635535 3.42830530205
193.59487590072058 3.51558012462 5.99614833651 4.60070297393 3.00221723012
193.75500400320257 4.35899634414 4.33107365722 5.05859445639 2.73806965152
193.91513210568453 4.84182133955 1.55258924584 5.48173131858 2.55011586478
194.07526020816653 4.83428025075 -1.62278139146 5.87255746215 2.3098947211
194.23538831064852 4.35926465555 -4.11605504882 6.20987313711 1.85024449676
194.3955164131305 3.59319145984 -5.18729487681 6.4418623416 0.954145167278
194.5556445156125 2.78092548483 -4.72266394827 6.48051505276 -0.587198255545
194.71577261809446 2.14060091791 -3.1506684963 6.22182924038 -2.70970709555
194.87590072057645 1.78772020615 -1.28094878354 5.60891228712 -4.89982632063
195.03602882305844 1.70479474006 0.128594770433 4.68191317607 -6.55765605546
195.19615692554044 1.78884400658 0.8016990368 3.54860810277 -7.48223954123
195.35628502802243 1.92830065237 0.852021615963 2.31679779858 -7.82297422828
195.5164131305044 2.03658850106 0.425905100458 1.06581969162 -7.73408474821
195.67654123298638 2.03972191305 -0.470361441337 -0.136459612982 -7.19908873401
195.83666933546837 1.85834082275 -1.87748551511 -1.21047520907 -6.1218100571
195.99679743795036 1.41782166002 -3.66106674043 -2.07103597777 -4.56934370024
196.15692554043235 0.68615166796 -5.43873732261 -2.66730591391 -2.89763308639
196.31705364291435 -0.301908209714 -6.81131818265 -3.01627997142 -1.54011126093
196.4771817453963 -1.4622391114 -7.56807804678 -3.18875731986 -0.701914998485
196.6373098478783 -2.68434118527 -7.54312484538 -3.26633873275 -0.335380653417
196.7974379503603 -3.81753295221 -6.38302148561 -3.31521372959 -0.328129256547
196.95756605284228 -4.64775235048 -3.73365468122 -3.38690666654 -0.609329873519
197.11769415532427 -4.94939394901 0.0746676381881 -3.51967093276 -1.05974152896
197.27782225780624 -4.62861164064 3.79680261857 -3.72269285479 -1.44445802645
197.43795036028823 -3.80285435555 6.25525589117 -3.96790972592 -1.56456469184
197.59807846277022 -2.70868624393 7.16963124068 -4.20403619137 -1.31199645892
197.7582065652522 -1.57578223551 6.7868352931 -4.35907636029 -0.5134193329
197.9183346677342 -0.591490302137 5.35138202029 -4.32811814053 1.02936700902
198.07846277021616 0.0995470396751 3.20909786898 -3.99557555264 3.18657204565
198.23859087269815 0.434236581934 1.02886546872 -3.30741390174 5.34692775925
198.39871897518015 0.462238501925 -0.548936430121 -2.31707223076 6.89190478487
198.55884707766214 0.29984139157 -1.36318469731 -1.14129834123 7.67937799663
198.71897518014413 0.0568880756999 -1.58909900783 0.111888515582 7.89344556721
198.8791032826261 -0.18396939349 -1.33543547691 1.36238590001 7.64410028058
199.03923138510808 -0.338758081295 -0.478893590041 2.52866853249 6.80561399871
199.19935948759007 -0.295502367751 1.1481598643 3.5003600509 5.20131116865
199.35948759007206 0.0606627129648 3.35029776428 4.16200656007 3.00878729845
199.51961569255405 0.772505474079 5.46079536095 4.46695749572 0.87049802769
199.67974379503602 1.76838470936 6.81454904008 4.47620521285 -0.624267838111
199.839871897518 2.89592608985 7.06524141835 4.30698574499 -1.38104335804
200.0 3.95867103154 5.95800205096 4.06199849079 -1.60868164847
