0.0 -0.6 0.5 3.001 5.9
0.16012810248198558 -0.355097885129 2.64764143111 3.78408055646 3.78845763273
0.32025620496397117 0.256535221962 4.94989236008 4.20401242664 1.49152705397
0.4803843074459568 1.1977904526 6.66108224854 4.29087630753 -0.278335769484
0.6405124099279423 2.33574487391 7.36681469161 4.15798135952 -1.2567547933
0.800640512409928 3.49188351552 6.8454897317 3.92154799899 -1.61362171726
0.9607686148919136 4.44628559177 4.80108407459 3.66321920457 -1.5530427062
1.120896717373899 4.94768099407 1.26220376344 3.44122069491 -1.17641261791
1.2810248198558847 4.8220251108 -2.79092491598 3.29436898797 -0.65637585556
1.4411529223378703 4.10434853105 -5.93142327657 3.22411382802 -0.260608929224
1.601281024819856 3.00711267405 -7.51987276208 3.19539852754 -0.151446204973
1.7614091273018415 1.76490887802 -7.82090182091 3.15705243309 -0.392503900146
1.9215372297838271 0.548520843346 -7.24808838991 3.04533007653 -1.09081320663
2.0816653322658127 -0.519770386084 -5.98890185349 2.77735882799 -2.3498746752
2.241793434747798 -1.34063143798 -4.19912162834 2.268522786 -4.05108796332
2.401921537229784 -1.8562786607 -2.25807283918 1.47891837601 -5.77080030757
2.5620496397117694 -2.08116212664 -0.63281810473 0.444136207378 -7.05742433998
2.722177742193755 -2.08864308818 0.44568408702 -0.749305552537 -7.75455347429
2.8823058446757406 -1.9663590232 1.0007271758 -2.01283761327 -7.95417423741
3.042433947157726 -1.79405077265 1.06415276046 -3.27388356563 -7.71909608812
3.202562049639712 -1.65836063916 0.510228579553 -4.45498009791 -6.91932624027
3.362690152121697 -1.67317686582 -0.828684791641 -5.44847554763 -5.35543177294
3.522818254603683 -1.95759148243 -2.77973901565 -6.13404422468 -3.13594028849
3.6829463570856684 -2.55753416993 -4.6147344137 -6.44945354541 -0.855391360907
3.8430744595676543 -3.38078519398 -5.43878043924 -6.43905666713 0.862405064164
4.00320256204964 -4.21539788304 -4.70744960136 -6.21203711993 1.86635684505
4.1633306645316255 -4.80330864172 -2.40450949186 -5.86842541858 2.36261383067
4.323458767013611 -4.93380883036 0.84629682137 -5.46959823704 2.59049808758
4.483586869495596 -4.54163552873 3.93001637375 -5.0434068437 2.73102147958
4.643714971977582 -3.73358465951 5.94800498215 -4.59200110281 2.92572186419
4.803843074459568 -2.70375184055 6.72797635253 -4.0981489827 3.27403168007
4.963971176941553 -1.62749748945 6.59864545472 -3.53232790054 3.82912354009
5.124099279423539 -0.61740547079 5.96079776355 -2.86109777885 4.58281867825
5.2842273819055245 0.270119373806 5.1063758458 -2.05855960369 5.44862014822
5.44435548438751 1.0162794658 4.21799647837 -1.11772468661 6.28512179142
5.604483586869495 1.62445221787 3.39262027131 -0.0545099068338 6.95895942937
5.764611689351481 2.10764908078 2.65698466113 1.09814124284 7.39536024074
5.924739791833467 2.47959440562 2.00112474217 2.30022284507 7.57590807073
6.084867894315452 2.75306613974 1.43275258713 3.51037969299 7.49276623216
6.244995996797438 2.94685627632 1.0245295301 4.68321379194 7.09603344306
6.405124099279424 3.09702887724 0.912694836183 5.76035820392 6.27614679203
6.5652522017614094 3.2609765596 1.20257108032 6.66471740118 4.92806854628
6.725380304243394 3.49875008138 1.7918212687 7.31241236318 3.09841489108
6.88550840672538 3.82948095212 2.27647606353 7.64625986547 1.07099953177
7.045636509207366 4.19430723328 2.14312508122 7.66506530676 -0.781863480347
7.205764611689352 4.46853647017 1.14063818386 7.41689610443 -2.24886932777
7.365892714171337 4.52387021024 -0.51956865041 6.96507532004 -3.34025087908
7.526020816653323 4.29572327339 -2.30116405322 6.36108604065 -4.17023865288
7.6861489191353085 3.80842514137 -3.69064599503 5.63756095001 -4.84815222941
7.8462770216172935 3.14710071717 -4.46640133879 4.81301675203 -5.4386492298
8.00640512409928 2.4068819525 -4.70611905474 3.89939837127 -5.96067000706
8.166533226581265 1.65698046642 -4.62581689079 2.90835343631 -6.40220346486
8.326661329063251 0.931337999586 -4.43226670329 1.85457342213 -6.7405182411
8.486789431545237 0.236266246783 -4.25960553468 0.756152384925 -6.9575487258
8.646917534027223 -0.43714923941 -4.16593934083 -0.366664553359 -7.04436796331
8.807045636509207 -1.10207556781 -4.14885193587 -1.49272378365 -6.99770173709
8.967173738991193 -1.76722583638 -4.15605163537 -2.60049331172 -6.81559755507
9.127301841473178 -2.42914719632 -4.08825874998 -3.66812155276 -6.49597559804
9.287429943955164 -3.0652383572 -3.8091111899 -4.67338231442 -6.03592185023
9.44755804643715 -3.63057140667 -3.18688432821 -5.5932476833 -5.42707239546
9.607686148919136 -4.06496556001 -2.17952873163 -6.40228037749 -4.64584374408
9.767814251401122 -4.31490402919 -0.922426545607 -7.06941545555 -3.64486268311
9.927942353883106 -4.36341167458 0.276985359854 -7.55440708117 -2.36051429913
10.088070456365092 -4.24691987679 1.09540993655 -7.80811867681 -0.756245739887
10.248198558847077 -4.04008103002 1.40949469153 -7.78281992032 1.10077713099
10.408326661329063 -3.81415197865 1.3796982776 -7.45324928912 2.99919992061
10.568454763811049 -3.60019639679 1.30942681254 -6.83482757502 4.66660549643
10.728582866293035 -3.38497189786 1.41634500643 -5.98099192263 5.92293622362
10.88871096877502 -3.13518810899 1.73307981503 -4.96132764901 6.74496021864
11.048839071257005 -2.82327452227 2.17478502036 -3.84013464886 7.20631916651
11.20896717373899 -2.43699549553 2.65048894868 -2.66814937918 7.39120593461
11.369095276220976 -1.97466492096 3.12396100948 -1.48498272608 7.35148234414
11.529223378702962 -1.4356306931 3.61505257982 -0.324694173266 7.10718194719
11.689351481184948 -0.81364916181 4.16670797025 0.780784230241 6.66965778222
11.849479583666934 -0.096760311079 4.79961894725 1.80261319869 6.07068112252
12.00960768614892 0.72555448562 5.4684135002 2.72001599306 5.380165792
12.169735788630904 1.64886785074 6.0268550389 3.52598048747 4.69561294974
12.32986389111289 2.63563325237 6.20548195816 4.22889490326 4.10451961702
12.489991993594876 3.5959740932 5.63096022833 4.84769465741 3.64649816406
12.650120096076861 4.38096298169 3.98276105351 5.40274626254 3.29972373386
12.810248198558847 4.81696981634 1.33718573117 5.9063020436 2.98595874461
12.970376301040833 4.79310878643 -1.59804876586 6.35400148926 2.57651774305
13.130504403522819 4.34461473491 -3.8074698248 6.7167664591 1.88992041831
13.290632506004805 3.65044142688 -4.60250825909 6.9321229359 0.696706314142
13.450760608486789 2.94998487251 -3.93179964598 6.90444559746 -1.147078842
13.610888710968775 2.44057276805 -2.34952189033 6.54127634402 -3.41555937269
13.77101681345076 2.19915113857 -0.727904349818 5.82018320784 -5.50917552099
13.931144915932746 2.17434852947 0.293492232543 4.81304596598 -6.94365354497
14.091273018414732 2.25419856793 0.594824134393 3.63439860201 -7.6748395856
14.251401120896718 2.33532378298 0.340919686531 2.38236847991 -7.89218407676
14.411529223378704 2.34116123286 -0.333834559033 1.12773707491 -7.71291616659
14.571657325860688 2.20711825873 -1.40756986128 -0.0649515958399 -7.1058908563
14.731785428342674 1.87014758927 -2.85443839236 -1.12232665308 -6.02501200219
14.89191353082466 1.28231455274 -4.49536180596 -1.97565533743 -4.59907499521
15.052041633306645 0.437121824548 -6.01378093924 -2.59448238607 -3.15937801756
15.212169735788631 -0.622115385037 -7.13359397689 -3.00465442561 -2.03395950455
15.372297838270617 -1.81695033045 -7.67933885515 -3.26985221994 -1.35142523339
15.532425940752603 -3.03809507606 -7.40434548887 -3.45853803864 -1.06297283213
15.692554043234587 -4.12153019386 -5.88332883532 -3.62652062397 -1.0798586344
15.852682145716573 -4.8408779252 -2.86902530347 -3.81651631264 -1.32163600186
16.01281024819856 -4.9908664226 1.04159611292 -4.05402369815 -1.63992251683
16.172938350680546 -4.53193038148 4.50599952435 -4.33436260923 -1.82338234413
16.33306645316253 -3.62656010142 6.52826136664 -4.62223400481 -1.71220002002
16.493194555644514 -2.52646427754 6.9639978626 -4.85855670885 -1.14397944781
16.653322658126502 -1.46870354258 6.04373050592 -4.95081266053 0.127208783114
16.813450760608486 -0.646226423804 4.09960732894 -4.77544542631 2.17141016938
16.973578863090474 -0.176755755809 1.77064309023 -4.23815189591 4.52677788238
17.133706965572458 -0.0560740071793 -0.142250930115 -3.34986861031 6.4455183275
17.293835068054445 -0.178164860272 -1.24720325549 -2.21802697287 7.55707045285
17.45396317053643 -0.418076325588 -1.65272754761 -0.966393865918 7.98213076808
17.614091273018413 -0.68057255673 -1.54536963543 0.312507697886 7.91476260601
17.7742193755004 -0.883851091213 -0.885347789109 1.54052488909 7.31883140672
17.934347477982385 -0.923672423579 0.524508609136 2.61686451595 5.98903944077
18.094475580464373 -0.676543224395 2.6505064419 3.4186156539 3.93163835455
18.254603682946357 -0.0656672874929 4.94160905783 3.86463777586 1.66898389215
18.414731785428344 0.875747880567 6.68032208345 3.98050693791 -0.0979927931821
18.57485988791033 2.0236003315 7.48704927226 3.87553022254 -1.08913466303
18.734987990392312 3.2144654388 7.1795805708 3.66501850112 -1.45627481856
18.8951160928743 4.24630193397 5.43989171048 3.43171069148 -1.39522499747
19.055244195356284 4.87065291567 2.12481833805 3.23672475109 -0.989793731064
19.21537229783827 4.882539003 -1.98932297955 3.12527543296 -0.393263824899
19.375500400320256 4.27089031479 -5.4299346113 3.10518720056 0.102894293354
19.535628502802243 3.22783110692 -7.33141515201 3.14193768272 0.299669180782
19.695756605284227 1.99761116934 -7.84156266571 3.18203851732 0.135822168823
19.85588470776621 0.76746447237 -7.3867071784 3.16087397334 -0.490762341244
20.0160128102482 -0.327469868402 -6.16901186885 2.99214633101 -1.7234205029
20.176140912730183 -1.17417287837 -4.32477191872 2.57902902138 -3.50185781581
20.33626901521217 -1.6998423794 -2.25017759529 1.86423570237 -5.39604645343
20.496397117694155 -1.91243882451 -0.495478300257 0.874042912755 -6.86954217094
20.656525220176142 -1.89206047938 0.643532574713 -0.300679928216 -7.69758782134
20.816653322658127 -1.73751172275 1.19965088422 -1.56180002456 -7.9752258968
20.97678142514011 -1.5344050198 1.25146330423 -2.83130890846 -7.80474644979
21.136909527622098 -1.36847323242 0.703903876977 -4.03222235208 -7.08402534496
21.297037630104082 -1.35142763611 -0.629075104482 -5.05880112874 -5.60054629868
21.45716573258607 -1.6073206494 -2.6401530612 -5.78720040055 -3.41402854829
21.617293835068054 -2.1976172695 -4.65527402563 -6.14504879593 -1.09833831781
21.77742193755004 -3.04976977886 -5.7756136281 -6.16889438884 0.67560878051
21.937550040032026 -3.9667796208 -5.40194499336 -5.96924057917 1.70412535364
22.09767814251401 -4.69086330439 -3.38131977005 -5.65244646269 2.18360957237
22.257806244995997 -4.98310459866 -0.13874713731 -5.28601815669 2.35909882529
22.41793434747798 -4.7267605589 3.26186658435 -4.90324687836 2.41562416042
22.57806244995997 -3.98990786908 5.72679427895 -4.510411217 2.50799197411
22.738190552441953 -2.96466717978 6.86710493001 -4.09183410696 2.75284901876
22.89831865492394 -1.84778560081 6.94127891871 -3.61657660258 3.22519434926
23.058446757405925 -0.776041619964 6.36720474423 -3.04520814174 3.9520465682
23.21857485988791 0.173876804891 5.46220504089 -2.34010321136 4.87796939767
23.378702962369896 0.967042202301 4.43864276344 -1.48014370458 5.85636480877
23.53883106485188 1.59692206635 3.44172564014 -0.471392260966 6.70889888475
23.698959167333868 2.07503369533 2.550522138 0.654860697363 7.31053438017
23.859087269815852 2.42051884328 1.7858455052 1.85425614879 7.6215490789
24.01921537229784 2.65418952193 1.15845155315 3.08040203585 7.64464894342
24.179343474779824 2.80207617639 0.731716106161 4.28572704352 7.35056879494
24.339471577261808 2.90660141657 0.644087118236 5.41197840548 6.63367679523
24.499599679743795 3.03399357759 1.03022172091 6.38031902762 5.36156133906
24.65972778222578 3.25902108524 1.82429439493 7.09929735533 3.54263843268
24.819855884707767 3.61798057014 2.60571364186 7.50068713176 1.46368270052
24.97998398718975 4.05953378838 2.75871958189 7.57737876198 -0.447282887842
25.14011208967174 4.44616881227 1.89434350321 7.38083770407 -1.93001043734
25.300240192153723 4.61788313844 0.140854499036 6.98193905341 -2.99241538342
25.460368294635707 4.47442978458 -1.92545129881 6.43748902028 -3.77347011715
25.620496397117694 4.02024370714 -3.64716713954 5.78110380911 -4.40956528544
25.78062449959968 3.34473241308 -4.66481440677 5.02830500814 -4.98747240712
25.940752602081666 2.56283599382 -5.00522912002 4.18513107865 -5.53957129296
26.10088070456365 1.76512182944 -4.90835941399 3.25618565752 -6.05410380134
26.261008807045638 1.00042451231 -4.63011752794 2.25014300795 -6.49605394628
26.421136909527622 0.282453285101 -4.34576993727 1.18155607419 -6.83036069632
26.58126501200961 -0.395496526041 -4.13698566446 0.0696137364244 -7.03516187944
26.741393114491594 -1.04703297307 -4.01256482222 -1.06408091958 -7.10115147985
26.901521216973578 -1.68288577976 -3.93078284668 -2.19692356489 -7.0237240892
27.061649319455565 -2.30404138129 -3.81349092579 -3.30546909258 -6.79619019533
27.22177742193755 -2.89684869 -3.55880671167 -4.36482017424 -6.40685308116
27.381905524419537 -3.43110021082 -3.06848639776 -5.34771111555 -5.83749385428
27.54203362690152 -3.86450356395 -2.30021271833 -6.22325158448 -5.06047170203
27.70216172938351 -4.15649264103 -1.32534052629 -6.95520912518 -4.0369445214
27.862289831865493 -4.2880971176 -0.335769511172 -7.50075711913 -2.72682244891
28.022417934347477 -4.27532819035 0.446159015712 -7.81268231144 -1.12350143745
28.182546036829464 -4.16241254832 0.91282186092 -7.84893883323 0.693715420869
28.34267413931145 -3.99575724217 1.14425704052 -7.58888290693 2.53992068004
28.502802241793436 -3.79839687178 1.32804964864 -7.04615192459 4.18940134892
28.66293034427542 -3.56519033506 1.60557920248 -6.26631163509 5.48525700162
28.823058446757408 -3.27805528782 1.99535112606 -5.31045106658 6.39084557567
28.98318654923939 -2.92358870647 2.43351385065 -4.23788843085 6.95449002839
29.143314651721376 -2.49973839608 2.85407108011 -3.09768444335 7.24668492371
29.303442754203363 -2.01166726732 3.23677568852 -1.92868388257 7.32077215124
29.463570856685347 -1.46369104919 3.61001928417 -0.763325345621 7.20387086532
29.623698959167335 -0.85321930046 4.02628318356 0.368794695264 6.90713960772
29.78382706164932 -0.169703916011 4.52595009527 1.43990539743 6.44597766163
29.943955164131307 0.600225384617 5.09714664791 2.42645819546 5.86041050803
30.10408326661329 1.46124752306 5.63726522053 3.31384189737 5.22104423789
30.264211369095275 2.39231627263 5.92443293085 4.10007655159 4.60982398506
30.424339471577262 3.32721805363 5.62287651631 4.79484494574 4.08444687527
30.584467574059246 4.14293016499 4.39036280284 5.41315208655 3.6508630562
30.744595676541234 4.67864147392 2.15490464826 5.96622940091 3.25615510574
30.904723779023218 4.80445501475 -0.599541385786 6.45233839925 2.79187570165
31.064851881505206 4.5081962025 -2.95491928697 6.84801080763 2.09456570691
31.22497998398719 3.92300814878 -4.11523215292 7.0993478237 0.952508687107
31.385108086469174 3.26759730904 -3.84904452961 7.12039695718 -0.790658093602
31.54523618895116 2.74553882272 -2.56342019693 6.8211875605 -2.98608042587
31.705364291433145 2.45773042051 -1.06545272671 6.16794744552 -5.10995538148
31.865492393915133 2.37797934669 -0.0423953073865 5.21626207422 -6.65796519603
32.02562049639712 2.40704079617 0.297174422137 4.07315316345 -7.51394240264
32.1857485988791 2.44356617693 0.0825201582953 2.83824385267 -7.83693769554
32.34587670136109 2.41264200074 -0.526419743229 1.583860672 -7.76996152455
32.506004803843076 2.25726116153 -1.46888220977 0.370007633663 -7.32350253451
32.66613290632506 1.92536403144 -2.72398711179 -0.73880260429 -6.45499232249
32.826261008807045 1.37358784037 -4.18590622281 -1.67770973006 -5.22744196488
32.98638911128903 0.585992988046 -5.62482592096 -2.40656683601 -3.88323852429
33.14651721377102 -0.412923169847 -6.78786613646 -2.93165410467 -2.72740684583
33.306645316253004 -1.56264354723 -7.47725803537 -3.30013278842 -1.94164577088
33.46677341873499 -2.76984149192 -7.45310021025 -3.57382845898 -1.53451378266
33.62690152121697 -3.89005411183 -6.31407378888 -3.80782386803 -1.43222835522
33.787029623698956 -4.71298983097 -3.71971808596 -4.04449271978 -1.55309621372
33.94715772618095 -5.01987981337 -0.00910313469634 -4.31072503414 -1.77436410984
34.10728582866293 -4.72030365241 3.6209890774 -4.60811737484 -1.91011557151
34.267413931144915 -3.92846845449 6.00477710913 -4.90878107309 -1.79016399349
34.4275420336269 -2.88491665183 6.76334178499 -5.15870398054 -1.24032764652
34.58767013610889 -1.8412484939 6.04953221826 -5.26950374383 -0.0106230626822
34.747798238590875 -1.00813258225 4.21183102756 -5.11953133528 1.99656552942
34.90792634107286 -0.51773140482 1.907812351 -4.61038936956 4.35914153663
35.06805444355484 -0.376928753703 -0.0332180656236 -3.74520471165 6.32921459766
35.22818254603683 -0.484613595455 -1.17445230239 -2.62718140828 7.49901776211
35.38831064851882 -0.714622553359 -1.59852122418 -1.3812071965 7.96694110237
35.5484387510008 -0.968988418197 -1.49764222233 -0.101857675141 7.93643068045
35.708566853482786 -1.16563561241 -0.853721769554 1.13360751476 7.39493631333
35.86869495596477 -1.20334835673 0.515160365177 2.22854488376 6.14954604621
36.028823058446754 -0.961886893957 2.59067457566 3.06346116276 4.18213526548
36.188951160928745 -0.362816614775 4.86215518694 3.55412393552 1.96554995542
36.34907926341073 0.567961171499 6.63686064329 3.71705575186 0.185270232387
36.50920736589271 1.71605784825 7.54671710597 3.65434275929 -0.845471478885
36.6693354683747 2.93109202814 7.44138221793 3.47991853162 -1.24743203304
36.82946357085669 4.02856185601 6.01022291458 3.27790274268 -1.21177463665
36.98959167333867 4.76879111998 2.97731402182 3.11123874623 -0.81447547162
37.14971977582066 4.92364131978 -1.11215745882 3.03003993107 -0.181983110563
37.30984787830264 4.4340436728 -4.81553887917 3.04953113175 0.389137387029
37.469975980784625 3.46225946251 -7.04766872437 3.13831256765 0.661303416341
37.630104083266616 2.25700998872 -7.79401296391 3.24175822072 0.565357011379
37.7902321857486 1.02247805898 -7.47573243527 3.2950070389 0.00886893364058
37.950360288230584 -0.0928944412554 -6.32365052817 3.21064490565 -1.17821706728
38.11048839071257 -0.964364807898 -4.46443707442 2.88322088656 -2.99468008672
38.27061649319455 -1.50561791127 -2.29560539186 2.23967742571 -5.02617234242
38.43074459567654 -1.71633416994 -0.430850091192 1.2949854047 -6.66880414441
38.59087269815853 -1.67989461086 0.769196522325 0.141397503366 -7.62462560337
38.75100080064051 -1.50391484282 1.3362170351 -1.11472180686 -7.97966444415
38.911128903122496 -1.27900662545 1.38918869973 -2.38982736294 -7.87097774652
39.07125700560449 -1.08944680086 0.866064307052 -3.60730784889 -7.22860760145
39.23138510808647 -1.04330031528 -0.429652478971 -4.6643285682 -5.83486009693
39.391513210568455 -1.26713619582 -2.4543799679 -5.43523285992 -3.69918010267
39.55164131305044 -1.83636484053 -4.60017932012 -5.83766877576 -1.35822772468
39.71176941553242 -2.69887618754 -5.97995228803 -5.89800256184 0.480509581229
39.871897518014414 -3.67625501678 -5.96275910883 -5.72558198407 1.55248516013
40.0320256204964 -4.51961318706 -4.29458665678 -5.4323317443 2.03469830696
40.19215372297838 -4.97362590301 -1.19200684574 -5.09202944945 2.17542679113
40.352281825460366 -4.87330232732 2.42297113253 -4.74398376238 2.15971019197
40.51240992794235 -4.23703420262 5.32386334854 -4.39981188318 2.15326811028
40.67253803042434 -3.24209538376 6.87157500636 -4.04664240477 2.29025108234
40.832666132906326 -2.10148262939 7.20758827018 -3.65385068474 2.66049172364
40.99279423538831 -0.975677736063 6.75501543762 -3.17902949674 3.3202866671
41.152922337870294 0.0380894756554 5.853272052 -2.57550425703 4.25699407266
41.313050440352285 0.887152565591 4.73093174522 -1.80753321902 5.34356036578
41.47317854283427 1.55129764628 3.57160661038 -0.867458834891 6.3699414686
41.63330664531625 2.03656969774 2.51427934965 0.219165173017 7.1508821732
41.79343474779824 2.36561316138 1.62569141599 1.40514744881 7.60690968628
41.95356285028022 2.56723946056 0.926018085684 2.63822957933 7.74234264071
42.11369095276221 2.67462714107 0.46266428631 3.86753317507 7.55330910808
42.273819055244196 2.73473112203 0.363011145995 5.03529959788 6.95073482549
42.43394715772618 2.81902424023 0.785263252239 6.06319609219 5.78286050737
42.594075260208164 3.01431398296 1.71969369553 6.85428290049 4.00801290494
42.754203362690156 3.37669321282 2.77235327462 7.32798600038 1.88951326566
42.91433146517214 3.87163684474 3.25831833627 7.46674686868 -0.0975936822504
43.074459567654124 4.36042981791 2.64379133258 7.32185253624 -1.62606155817
43.23458767013611 4.65816142216 0.922012682094 6.97149547441 -2.68221158269
43.39471577261809 4.62536002187 -1.3600170444 6.4797335047 -3.42185645854
43.55484387510008 4.23447089613 -3.42919955689 5.88378715377 -4.00673692618
43.71497197758207 3.56762509272 -4.7568447152 5.19878177328 -4.54787444721
43.87510008006405 2.75499619935 -5.2719592553 4.4267055897 -5.0983386744
44.035228182546035 1.91003472106 -5.21187489175 3.56548611801 -5.65721855594
44.19535628502802 1.10037475323 -4.87691682389 2.61658003352 -6.18507979975
44.35548438751001 0.350718741236 -4.49048887548 1.5891089065 -6.63033544836
44.515612489991994 -0.341297803316 -4.16790315253 0.499757656726 -6.9529546648
44.67574059247398 -0.989011625219 -3.93584162481 -0.629952246015 -7.13238437304
44.83586869495596 -1.60497988353 -3.76273242689 -1.77635329285 -7.16044864441
44.995996797437954 -2.19376963131 -3.58390325028 -2.91465864028 -7.02951460224
45.15612489991994 -2.74826685353 -3.32135515388 -4.01830705377 -6.72412256946
45.31625300240192 -3.24925592899 -2.90646039804 -5.05739862426 -6.21788267185
45.476381104883906 -3.66933229877 -2.31134096691 -5.99696901363 -5.47440327533
45.63650920736589 -3.98198765088 -1.57839435337 -6.79577553076 -4.45336057142
45.79663730984788 -4.17333831067 -0.818182275578 -7.40684569203 -3.12769483934
45.956765412329865 -4.24923575255 -0.153205808509 -7.78203824849 -1.51630871002
46.11689351481185 -4.23046479949 0.364631259377 -7.88232875694 0.281899015598
46.27702161729383 -4.13764703746 0.786979629343 -7.69115131989 2.09085212594
46.43714971977582 -3.97824434278 1.21101991477 -7.22251628775 3.71857823528
46.59727782225781 -3.74678799851 1.68877126937 -6.517019858 5.03555106289
46.75740592473979 -3.43583046772 2.19469091814 -5.62849214114 6.00557499023
46.91753402722178 -3.0458371108 2.6655116176 -4.61059527244 6.65975368755
47.07766212970376 -2.58652846506 3.05658140974 -3.50959026136 7.05276137549
47.23779023218575 -2.07121399008 3.36914503362 -2.36324464768 7.2326705938
47.397918334667736 -1.5095283431 3.64511572217 -1.20302434332 7.22949022611
47.55804643714972 -0.902539283057 3.9452998436 -0.0569780792662 7.05706390529
47.718174539631704 -0.241874816923 4.32188332034 1.04846336953 6.72425899961
47.87830264211369 0.486414646007 4.78668556722 2.08899334574 6.25156160118
48.03843074459568 1.29256678343 5.27544765452 3.04546078925 5.68403498561
48.19855884707766 2.16817905394 5.61522004452 3.9078076976 5.08770332395
48.35868694955965 3.06759050433 5.51649007316 4.67668981207 4.52500650557
48.51881505204163 3.89320932185 4.64213688874 5.3603243337 4.02329722756
48.678943154523616 4.50280492037 2.8197180208 5.96709730381 3.5556416404
48.83907125700561 4.75957010906 0.328712420374 6.49642064267 3.03701214703
48.99919935948759 4.61307073879 -2.06614985825 6.92951033808 2.32524789338
49.159327461969575 4.14831340155 -3.53212850952 7.220560536 1.22900151263
49.31945556445156 3.55383550261 -3.67247888529 7.2935330985 -0.413054164717
49.47958366693355 3.03130187361 -2.72244257708 7.06266943612 -2.52071753786
49.639711769415534 2.70241477561 -1.38906988408 6.48464817966 -4.65572679169
49.79983987189752 2.5682071976 -0.38126724753 5.59784334443 -6.31274093477
49.9599679743795 2.54630454954 0.00290043099036 4.4990801711 -7.30403205601
50.120096076861486 2.53978059078 -0.160486200814 3.28816060928 -7.74373676155
50.28022417934348 2.47492064317 -0.701607726871 2.03997029032 -7.78809380087
50.44035228182546 2.30011136529 -1.52588025723 0.812301455804 -7.48619148553
50.600480384307446 1.97252601146 -2.60619642222 -0.337497919299 -6.81068103156
50.76060848678943 1.45451621878 -3.8878666333 -1.34968661273 -5.78129141893
50.920736589271414 0.724555394639 -5.22080649966 -2.17851261757 -4.55943761883
51.080864691753405 -0.208893655041 -6.39366134157 -2.81363952004 -3.40620383305
51.24099279423539 -1.3036076346 -7.20156902579 -3.2846357087 -2.53348929053
51.40112089671737 -2.48340212069 -7.40755636585 -3.64376634424 -2.00840459486
51.56124899919936 -3.62399036011 -6.63764066342 -3.94413109972 -1.78778216476
51.72137710168135 -4.53498526626 -4.49494179197 -4.22846782835 -1.79413915498
51.88150520416333 -4.99388590081 -1.08218576105 -4.52529977491 -1.92146855773
52.041633306645316 -4.86556999051 2.61916735235 -4.84166846172 -2.00814108067
52.2017614091273 -4.20818952268 5.35182090996 -5.15701078278 -1.88142690888
52.361889511609284 -3.23809172636 6.48756308133 -5.42332308331 -1.3598400731
52.522017614091276 -2.2148518076 6.05075538881 -5.55788570018 -0.19220783128
52.68214571657326 -1.36707694479 4.37446530496 -5.44233790364 1.75354683639
52.842273819055244 -0.845421542558 2.11724505234 -4.97327369257 4.11491492718
53.00240192153723 -0.67346217628 0.137349067297 -4.14243091575 6.15241314638
53.16253002401922 -0.758681600376 -1.06256701032 -3.04583877448 7.40636642379
53.3226581265012 -0.973970377245 -1.52178832645 -1.80929435983 7.93794922445
53.48278622898319 -1.21746115326 -1.43779881182 -0.530440836319 7.95986828766
53.64291433146517 -1.40651635006 -0.82358127214 0.714176061531 7.49192953762
53.803042433947155 -1.44411311587 0.480827651249 1.83325827131 6.36009090708
53.963170536429146 -1.21450114287 2.47958130734 2.71202790728 4.51523348871
54.12329863891113 -0.63667942996 4.71940252105 3.2622621229 2.36203180335
54.283426741393114 0.273572505433 6.53476884143 3.48796612306 0.561174753025
54.4435548438751 1.41291075837 7.55052584451 3.48073697287 -0.5302300081
54.60368294635708 2.64242068452 7.63618820004 3.35211782101 -0.988314487205
54.763811048839074 3.79407277477 6.50932648481 3.18780340259 -0.999301021064
54.92393915132106 4.64156396903 3.80394668145 3.05178578113 -0.641483452713
55.08406725380304 4.94211327465 -0.173867986447 2.99726273123 -0.0129209755511
55.244195356285026 4.58931820363 -4.08979491501 3.04704273773 0.60480041615
55.40432345876702 3.70608246872 -6.66743266199 3.17545648839 0.940449248666
55.564451561249 2.53839946017 -7.68513787413 3.32848074411 0.905779996775
55.724579663730985 1.30710138172 -7.529261559 3.44164086915 0.41829190632
55.88470776621297 0.175130816899 -6.46702454735 3.42819544953 -0.707047735467
56.04483586869495 -0.721929414211 -4.62712153113 3.17730786824 -2.52559834403
56.204963971176944 -1.28525432218 -2.39685894144 2.601995298 -4.65802143575
56.36509207365893 -1.5043389781 -0.434327803263 1.70420305729 -6.45247863951
56.52522017614091 -1.46232346946 0.834257329534 0.574469591183 -7.53482877268
56.6853482786229 -1.27348082371 1.42657680758 -0.674130578189 -7.96920134189
56.84547638110488 -1.03306603189 1.49420060069 -1.95241205646 -7.92141497277
57.00560448358687 -0.824038293391 1.00963297688 -3.18381790062 -7.35658156356
57.165732586068856 -0.75013616561 -0.226400062024 -4.26899828407 -6.05894373316
57.32586068855084 -0.93864734742 -2.22981064709 -5.08186813376 -3.98838408381
57.485988791032824 -1.47734831475 -4.46567492356 -5.53044052826 -1.63112349291
57.646116893514815 -2.33444114265 -6.06793792842 -5.6289678237 0.279759468789
57.8062449959968 -3.35162339214 -6.38860961316 -5.48335055531 1.41248964807
57.96637309847878 -4.29464130322 -5.11099493431 -5.21034207158 1.91518484328
58.12650120096077 -4.90335591009 -2.26384449309 -4.89010092827 2.03788374
58.28662930344275 -4.97250578517 1.44302123142 -4.56829894321 1.9623058328
58.44675740592474 -4.46385839176 4.74067587907 -4.26301884146 1.86077908233
58.60688550840673 -3.52588769915 6.7305112176 -3.96538618563 1.88792561983
58.76701361088871 -2.38055250851 7.38227045828 -3.64607596414 2.14532199707
58.927141713370695 -1.21106317599 7.10505804818 -3.26201535101 2.70732160659
59.08726981585268 -0.135021130732 6.2625144431 -2.76089538533 3.60514292915
59.24739791833467 0.776906517201 5.08894520359 -2.09376166448 4.75429422881
59.407526020816654 1.48792406704 3.7878249836 -1.23643443628 5.9373344162
59.56765412329864 1.99382984733 2.55628818545 -0.203822640787 6.90847841387
59.72778222578062 2.31736530621 1.52331584705 0.957048454721 7.52851020619
59.88791032826261 2.49463337894 0.732530737989 2.18789419471 7.78738242387
60.0480384307446 2.56640324412 0.215103102002 3.43302043832 7.70617623487
60.20816653322658 2.58352925822 0.0754686857727 4.63466288078 7.2240924752
60.368294635708565 2.61997589244 0.483458664499 5.71664884378 6.18269803225
60.52842273819055 2.77122893516 1.49328089225 6.57910771049 4.48578055294
60.68855084067254 3.11351595155 2.77481242806 7.12901275712 2.3466438776
60.848678943154525 3.63619078558 3.61410531741 7.33419365721 0.270198202316
61.00880704563651 4.21069594053 3.342427835 7.24145306683 -1.33465503637
61.16893514811849 4.63681768988 1.78501841967 6.9353829386 -2.41071420433
61.32906325060048 4.73681103233 -0.611385709596 6.48890313008 -3.12152207569
61.48919135308247 4.44097374752 -3.01335051299 5.94522322955 -3.65197061793
61.64931945556445 3.81038234681 -4.71044705986 5.32166322855 -4.13692204209
61.809447558046436 2.98256946419 -5.48277961619 4.61854849427 -4.65363379031
61.96957566052842 2.09352448263 -5.52769116941 3.82849004317 -5.22135067058
62.12970376301041 1.23324543284 -5.17750588178 2.94532537552 -5.80776627192
62.289831865492395 0.44163433812 -4.7063103128 1.97082672585 -6.35100063895
62.44995996797438 -0.276139453442 -4.27202080672 0.916959222847 -6.79050177778
62.610088070456364 -0.931459304137 -3.92814007759 -0.196233890788 -7.08766835481
62.77021617293835 -1.53809016828 -3.65684429954 -1.34441344279 -7.22592314049
62.93034427542034 -2.10353055736 -3.40297022847 -2.50147376992 -7.19706442805
63.09047237790232 -2.62542844521 -3.10313308262 -3.63963820147 -6.98630899955
63.25060048038431 -3.09235349198 -2.71142740754 -4.72758755939 -6.56336541579
63.41072858286629 -3.48845639917 -2.22168982678 -5.7278176897 -5.88204142129
63.57085668534828 -3.80082396429 -1.67603899419 -6.59481003648 -4.89156926305
63.730984787830266 -4.02591904891 -1.14262557339 -7.27628454862 -3.56434081224
63.89111289031225 -4.16973547568 -0.662374951009 -7.72007526809 -1.93608106726
64.05124099279423 -4.23938472427 -0.205170314957 -7.88677186504 -0.131121938393
64.21136909527623 -4.23230515224 0.309760542881 -7.76262111638 1.66388983353
64.3714971977582 -4.13413744736 0.934661161141 -7.36396094442 3.27311402108
64.5316253002402 -3.92880971084 1.63518606831 -6.72995802298 4.59344386594
64.69175340272218 -3.61175048583 2.31173536864 -5.90960321648 5.60215960314
64.85188150520416 -3.1949144004 2.86945444511 -4.951072782 6.32582044935
65.01200960768615 -2.70129747648 3.26998068653 -3.8966638527 6.80681958524
65.17213771016813 -2.15487249297 3.5371364503 -2.78200569812 7.08398019091
65.33226581265012 -1.57231056044 3.733427531 -1.63735917717 7.18490771472
65.49239391513211 -0.959067391209 3.93221245285 -0.489563789539 7.12499347022
65.65252201761409 -0.309523364913 4.19496538154 0.636280373308 6.91180650603
65.81265012009608 0.389381606263 4.5490871983 1.7163077767 6.55530812186
65.97277822257806 1.15054846555 4.95997463084 2.72930641306 6.08057007803
66.13290632506005 1.97424016247 5.29944073788 3.65975930183 5.53336791782
66.29303442754204 2.83130596749 5.3283585717 4.50050332076 4.96877711201
66.45316253002402 3.64740559378 4.73606367368 5.25222107086 4.42481685641
66.61329063250601 4.30220760154 3.29645585538 5.91852422852 3.89668035215
66.77341873498798 4.66313156677 1.12526979063 6.497871686 3.32377793994
66.93354683746998 4.65436750494 -1.19173830222 6.97435656818 2.58738750986
67.09367493995197 4.31664653023 -2.86002018544 7.30876997356 1.51865821997
67.25380304243394 3.80170553401 -3.36358146338 7.43427433799 -0.0393161743777
67.41393114491594 3.29925478628 -2.76525834082 7.2709786104 -2.05686044472
67.57405924739791 2.94422841653 -1.64435037236 6.76965606811 -4.17955071952
67.7341873498799 2.76284627391 -0.694198931155 5.9531511162 -5.92410566596
67.8943154523619 2.69226967734 -0.28515745114 4.90627907273 -7.04590041357
68.05444355484387 2.64311713466 -0.403693932317 3.72678527792 -7.60597196025
68.21457165732586 2.54365669454 -0.886479581488 2.49198185824 -7.75887185997
68.37469975980784 2.34636569454 -1.61304988205 1.25923385974 -7.58491273341
68.53482786228983 2.01630455908 -2.54185413453 0.0805368977094 -7.07996331633
68.69495596477182 1.522755527 -3.64764186902 -0.99025175408 -6.24296206301
68.8550840672538 0.842980456146 -4.84708130244 -1.90599570553 -5.16998562145
69.01521216973579 -0.02627006253 -5.9840629641 -2.64420276831 -4.06427037417
69.17534027221778 -1.05995451478 -6.86722018267 -3.21744767754 -3.13925108343
69.33546837469976 -2.19980462531 -7.26399375579 -3.66557192241 -2.50986865629
69.49559647718175 -3.34194429693 -6.82573251449 -4.0370556721 -2.17472489809
69.65572457966373 -4.31824142358 -5.13207842855 -4.3744210556 -2.07079247773
69.81585268214572 -4.91219871184 -2.09567715456 -4.70766893538 -2.10423939356
69.97598078462771 -4.95542427925 1.55607142562 -5.04821468692 -2.13479082608
70.13610888710969 -4.44857386058 4.57427228046 -5.3822172858 -1.99427480616
70.29623698959168 -3.57136781767 6.10350077742 -5.66802606092 -1.4972075048
70.45636509207365 -2.58206531055 5.99318045173 -5.8292581941 -0.393550903148
70.61649319455564 -1.72511573063 4.52548501403 -5.75201559219 1.48070845612
70.77662129703764 -1.17132785157 2.34583069664 -5.32873008839 3.83044324833
70.93674939951961 -0.964110478558 0.336749804143 -4.53876210864 5.93658334623
71.0968775020016 -1.02244948672 -0.925409655558 -3.4690015385 7.28616007297
71.25700560448358 -1.21934843471 -1.42384326681 -2.24530831846 7.89318624424
71.41713370696557 -1.44858464894 -1.35631794323 -0.968818955344 7.97511550998
71.57726180944756 -1.6264498772 -0.770637181703 0.284128329259 7.58722627331
71.73738991192954 -1.660611379 0.463316365621 1.42796933878 6.58169317529
71.89751801441153 -1.44142185991 2.36781622195 2.35413913015 4.88325507638
72.05764611689351 -0.886690740514 4.55495556631 2.97176662903 2.82035729337
72.2177742193755 -0.00160531260017 6.3979704448 3.27148837258 1.01253428189
72.37790232185749 1.12268964838 7.50978617794 3.33170908368 -0.143242301489
72.53803042433947 2.35810697657 7.76639701524 3.25951092367 -0.66872598109
72.69815852682146 3.5516371209 6.92175775677 3.14161661049 -0.738760891001
72.85828662930344 4.4930957537 4.56174655733 3.04251155066 -0.440551569025
73.01841473178543 4.93397954858 0.773001467344 3.01656588552 0.150345525804
73.17854283426742 4.72578218801 -3.28362817872 3.09297259603 0.782608038878
73.3386709367494 3.94549660301 -6.19783018918 3.25339043758 1.16432564403
73.49879903923139 2.82771210851 -7.51321349537 3.4462781414 1.1804229593
73.65892714171338 1.60782819677 -7.54152871915 3.60807067574 0.753303195022
73.81905524419535 0.464779451959 -6.58240835396 3.65351887392 -0.308993088066
73.97918334667735 -0.454713662161 -4.77990603098 3.46877776313 -2.11021786361
74.13931144915932 -1.04041962165 -2.51173778557 2.95543975359 -4.31421939577
74.29943955164131 -1.27146356099 -0.466711397267 2.1025655163 -6.23880109102
74.4595676541233 -1.22878491248 0.8687437758 0.997119900506 -7.43861913199
74.61969575660528 -1.03161119225 1.49121452277 -0.242616297387 -7.94849081385
74.77982385908727 -0.779484857961 1.5768798073 -1.52202075599 -7.95580058519
74.93995196156925 -0.554557891591 1.1305800169 -2.76406538381 -7.45921603716
75.10008006405124 -0.456459796726 -0.0436569503394 -3.87267763917 -6.2504300304
75.26020816653323 -0.611918698342 -2.0101246753 -4.7223634417 -4.24785163442
75.42033626901521 -1.11841846459 -4.30274558928 -5.21313261909 -1.88482273895
75.5804643714972 -1.96202990013 -6.0824328554 -5.34737459628 0.0923344091615
75.74059247397918 -3.00360556645 -6.69795910187 -5.22627963579 1.28880774477
75.90072057646117 -4.02642738041 -5.80685110985 -4.9703529303 1.81920643531
76.06084867894316 -4.77559806043 -3.29256361294 -4.66567417772 1.93332359757
76.22097678142514 -5.01731664489 0.382071909405 -4.36409499876 1.80627223258
76.38110488390713 -4.65603466572 4.00700762635 -4.09091395669 1.61040617218
76.5412329863891 -3.79898910075 6.45057177886 -3.84234716315 1.52424865752
76.7013610888711 -2.667892109 7.46016199517 -3.59065258892 1.66392960115
76.86148919135309 -1.46677591453 7.40134132472 -3.29308086172 2.11058895493
77.02161729383506 -0.333387939653 6.6649922878 -2.89463598902 2.93047256444
77.18174539631705 0.644218376268 5.48737008722 -2.33579645042 4.09594399544
77.34187349879905 1.41109260482 4.07061036786 -1.57469206737 5.41098218122
77.50200160128102 1.94819705069 2.65891600108 -0.610862430747 6.57984289779
77.66212970376301 2.27412644119 1.45804013436 0.51283856294 7.3860748104
77.82225780624499 2.43119969904 0.55548667181 1.73260770008 7.78387789273
77.98238590872698 2.46897562846 -0.0274630228706 2.98613327909 7.81309556502
78.14251401120897 2.44312180245 -0.218373120506 4.21412154959 7.44987213066
78.30264211369095 2.42884753009 0.14827636016 5.34307672295 6.54402459544
78.46277021617294 2.52703672499 1.18480959856 6.27260758104 4.95023074127
78.62289831865492 2.83198654846 2.64735502064 6.89864590968 2.81345223227
78.78302642113691 3.36018523797 3.83184952338 7.17203506599 0.646030602861
78.9431545236189 4.00186957761 3.95890994794 7.13117845812 -1.05612557063
79.10328262610088 4.55173752358 2.67872492562 6.86558519276 -2.17270481844
79.26341072858287 4.79921631071 0.283857176376 6.45799486008 -2.86573860403
79.42353883106485 4.62685565803 -2.40453027969 5.95932485845 -3.34119644717
79.58366693354684 4.06122001605 -4.5099208342 5.39110143897 -3.75590345957
79.74379503602883 3.23674996528 -5.61855807542 4.75421052733 -4.21112674827
79.9039231385108 2.30943447225 -5.84288544305 4.03780949646 -4.75151552242
80.0640512409928 1.39422650381 -5.52803962465 3.22860456781 -5.36336480141
80.22417934347477 0.550401313983 -4.99621362541 2.31957191387 -5.98560627112
80.38430744595676 -0.205471058228 -4.45344746814 1.31534633215 -6.53971340462
80.54443554843876 -0.880187569696 -3.98916754197 0.232242494041 -6.96275078379
80.70456365092073 -1.48747008309 -3.60653036053 -0.905707791054 -7.2214645419
80.86469175340272 -2.03719017137 -3.26083929277 -2.07102914131 -7.30319981286
81.0248198558847 -2.530800711 -2.89773173816 -3.23454897533 -7.19597811031
81.18494795836669 -2.9625641894 -2.48674772604 -4.36400470263 -6.87091441439
81.34507606084868 -3.32541970102 -2.04410888723 -5.42057184512 -6.27493969708
81.50520416333066 -3.61872343371 -1.63015164237 -6.35555567514 -5.34172550519
81.66533226581265 -3.85237465049 -1.30527773563 -7.11092337248 -4.02968119387
81.82546036829464 -4.04105503168 -1.05704690106 -7.62780394361 -2.37919510851
81.98558847077662 -4.1886266377 -0.764564463877 -7.86281526111 -0.542613627
82.14571657325861 -4.27482425427 -0.267880890655 -7.80323917373 1.26429237364
82.30584467574059 -4.2597977986 0.496608765144 -7.46924455226 2.86260098809
82.46597277822258 -4.10664123847 1.42889830572 -6.90210399622 4.17092139472
82.62610088070457 -3.80376396528 2.33288136155 -6.14897906875 5.18997743004
82.78622898318655 -3.37005067599 3.04354533003 -5.25350690556 5.95561972058
82.94635708566854 -2.84264178034 3.50304337799 -4.25312940101 6.50595944521
83.10648518815051 -2.25945865145 3.75283202194 -3.17984050267 6.87038388123
83.2666132906325 -1.64714066637 3.88339751933 -2.06166442001 7.06935494929
83.4267413931145 -1.01706513645 3.98909014067 -0.923960909393 7.11588934389
83.58686949559647 -0.366962712362 4.14325134824 0.209488544852 7.0170590501
83.74699759807847 0.314552581522 4.3840878425 1.31580980642 6.77819417614
83.90712570056044 1.04107388522 4.69739167343 2.37338070565 6.41120944179
84.06725380304243 1.81808062694 4.99154027299 3.3635916131 5.94267197711
84.22738190552442 2.62866147523 5.07685092965 4.27326706607 5.41242060989
84.3875100080064 3.4184251981 4.68392049134 5.09567249371 4.85724658951
84.54763811048839 4.08998163374 3.57326779552 5.82806875 4.28618397128
84.70776621297037 4.52380250917 1.74712952534 6.46554781045 3.66073809504
84.86789431545236 4.63268004276 -0.383479574499 6.99259916607 2.88654148502
85.02802241793435 4.42203144646 -2.12441998705 7.37437084777 1.81948056747
85.18815052041633 4.00435808955 -2.90797789228 7.55179196898 0.316639719279
85.34827862289832 3.5473303737 -2.65013146087 7.45201263066 -1.62077187035
85.50840672538031 3.18830219019 -1.78759839922 7.02427835384 -3.71006475824
85.66853482786229 2.97263914021 -0.957215259468 6.27965885028 -5.50966470179
85.82866293034428 2.85746759774 -0.568129000401 5.29058415724 -6.74293722632
85.98879103282626 2.76438379436 -0.665717528983 4.15014598741 -7.41922432589
86.14891913530825 2.62599475063 -1.10653926963 2.93673094172 -7.677698864
86.30904723779024 2.3990688965 -1.75528594327 1.70808355815 -7.6190022525
86.46917534027222 2.05593320955 -2.55408256747 0.512434722923 -7.2645375025
86.6293034427542 1.57369575664 -3.49095560785 -0.602327306919 -6.61037486327
86.78943154523618 0.932169026108 -4.53346495228 -1.59107842128 -5.70673832033
86.94955964771817 0.12119889698 -5.58563680696 -2.42412132202 -4.69577332745
87.10968775020017 -0.848845838975 -6.48952933474 -3.09935342619 -3.76595196742
87.26981585268214 -1.93766469093 -7.02542224392 -3.64229408875 -3.05920922539
87.42994395516413 -3.06196533477 -6.8671356529 -4.09341222893 -2.61817186248
87.59007205764611 -4.07711025922 -5.59371304857 -4.49305695599 -2.40591640786
87.7502001601281 -4.78065099137 -2.98291927345 -4.87192124646 -2.34209939207
87.9103282626101 -4.98477235408 0.493504197667 -5.2446051905 -2.30459790878
88.07045636509207 -4.63777621992 3.69134788953 -5.60295162007 -2.13486652467
88.23058446757406 -3.87343705207 5.58789556387 -5.91144194829 -1.64648428737
88.39071257005604 -2.9375068146 5.82893347325 -6.10001541586 -0.592137531998
88.55084067253803 -2.085450406 4.60812413725 -6.0600680306 1.21523255396
88.71096877502002 -1.507350856 2.5445171045 -5.68200681402 3.54378157793
88.871096877502 -1.26706842055 0.536603855383 -4.93429965174 5.70653134838
89.03122497998399 -1.29688304311 -0.770018603942 -3.89405979198 7.14812788724
89.19135308246597 -1.47155582034 -1.29659167217 -2.68591496222 7.83292195644
89.35148118494796 -1.68093835999 -1.23377729925 -1.41411574126 7.97627855053
89.51160928742995 -1.83997192327 -0.663479013671 -0.155188975353 7.66702998529
89.67173738991193 -1.86132525489 0.506458900296 1.01098473486 6.79011065931
89.83186549239392 -1.64353791623 2.30427319627 1.98362559795 5.25627777867
89.99199359487591 -1.10649348492 4.40799221768 2.67213236325 3.31887175683
90.15212169735788 -0.246360877551 6.24781465604 3.05510374703 1.53657695037
90.31224979983988 0.85890189477 7.43334451747 3.19572746412 0.329362372402
90.47237790232185 2.09256070795 7.83468176353 3.19358242789 -0.265991119587
90.63250600480384 3.31527514845 7.23765923015 3.13489171867 -0.402026350321
90.79263410728583 4.33378778516 5.21361760857 3.08402664135 -0.176304999799
90.95276220976781 4.90171467845 1.67088530348 3.09468224934 0.347499666893
91.1128903122498 4.83733720299 -2.44098282859 3.20003416441 0.955887740948
91.27301841473178 4.16973941314 -5.65370422099 3.3892817958 1.35541156071
91.43314651721377 3.11341177277 -7.27547779326 3.61521407931 1.40326430814
91.59327461969576 1.91432588852 -7.50044755835 3.81583116731 1.01730841203
91.75340272217774 0.768665584443 -6.64370987519 3.90732290989 0.000843583279473
91.91353082465973 -0.164397000549 -4.87776985082 3.77414105234 -1.78519313391
92.07365892714171 -0.764618490985 -2.58608912513 3.30965323582 -4.04073895641
92.2337870296237 -1.00306171235 -0.482953225129 2.49287238948 -6.0648626808
92.39391513210569 -0.958816244736 0.900025680186 1.40748557515 -7.35717079532
92.55404323458767 -0.754732276758 1.54242712346 0.175612198494 -7.9266142346
92.71417133706966 -0.493668963708 1.63783759666 -1.10365088452 -7.97514559192
92.87429943955163 -0.257368412088 1.21541953983 -2.35247679485 -7.52754114064
93.03442754203363 -0.142367049994 0.0844283619038 -3.47715870968 -6.38452603354
93.19455564451562 -0.274304504176 -1.85081031402 -4.35321003092 -4.4374175308
93.3546837469976 -0.756726690051 -4.1752304544 -4.87546674993 -2.078166807
93.51481184947959 -1.5884813584 -6.07803671528 -5.03745553096 -0.0562284583497
93.67493995196156 -2.64610529212 -6.92201431933 -4.9360924715 1.18776414576
93.83506805444355 -3.73085519105 -6.37246802351 -4.69426606959 1.73920585454
93.99519615692554 -4.60059406893 -4.21851150068 -4.40265786209 1.84479807576
94.15532425940752 -5.00615435128 -0.679958654198 -4.11851379206 1.66877108518
94.31545236188951 -4.80066535103 3.17925170148 -3.87459086458 1.3757582603
94.4755804643715 -4.04220751785 6.05532677975 -3.67308523268 1.17023218891
94.63570856685348 -2.94241140676 7.44300702595 -3.48763538874 1.19072772038
94.79583666933547 -1.72282018569 7.62846165507 -3.27542847702 1.51785140329
94.95596477181745 -0.540844079241 7.02870810238 -2.98047746608 2.2379962638
95.11609287429944 0.499197890298 5.88430117653 -2.5356742273 3.38284079189
95.27622097678143 1.32412476882 4.37849513816 -1.88202707069 4.80316306059
95.43634907926341 1.89671983173 2.7853045811 -1.00020666552 6.1723259879
95.5964771817454 2.22734961136 1.39670182954 0.0752939652739 7.18577845543
95.75660528422738 2.36343401015 0.366721537946 1.27621353453 7.73897014709
95.91673338670937 2.36506853672 -0.282773315914 2.531813297 7.87988506184
96.07686148919136 2.29477718704 -0.517401025123 3.77903197561 7.62606582949
96.23698959167334 2.22916686032 -0.192302038969 4.94634202462 6.84917521374
96.39711769415533 2.27187654081 0.847053979658 5.93445870846 5.36792435506
96.5572457966373 2.5314373882 2.4473338867 6.6307857346 3.25425404055
96.7173738991193 3.05052611199 3.94413556588 6.96936196532 1.00721840897
96.87750200160129 3.74261562695 4.48092171957 6.97783794832 -0.7966743976
97.03763010408326 4.40615043253 3.55123165656 6.74894444093 -1.96257425427
97.19775820656525 4.80653133738 1.26884480715 6.37529108058 -2.64312401784
97.35788630904723 4.77898185049 -1.63124398661 5.91627193774 -3.06298902649
97.51801441152922 4.30504184689 -4.15326782311 5.39878858905 -3.39798009492
97.67814251401121 3.50417092778 -5.66230466091 4.82594444703 -3.77066687384
97.83827061649319 2.54743334126 -6.13806072811 4.1853257619 -4.25164955322
97.99839871897518 1.57579513382 -5.91360683691 3.4577501144 -4.85377040295
98.15852682145717 0.671347313315 -5.35188296488 2.62683150839 -5.53018632795
98.31865492393915 -0.133982814233 -4.70735540419 1.68739812967 -6.1929795932
98.47878302642114 -0.83901139612 -4.11194955119 0.649098197879 -6.75186027572
98.63891112890312 -1.4553937629 -3.59939187788 -0.466096747941 -7.14656500304
98.79903923138511 -1.99470655678 -3.14182682423 -1.62947288562 -7.35143574156
98.9591673338671 -2.46202800756 -2.69346286011 -2.80975701961 -7.35574222359
99.11929543634908 -2.8565849427 -2.23356613003 -3.97333587788 -7.13675263642
99.27942353883107 -3.17844969331 -1.7963876075 -5.08061308652 -6.640642235
99.43955164131305 -3.43766869422 -1.46745951638 -6.08088431462 -5.78592160272
99.59967974379504 -3.65849995691 -1.32366478526 -6.910783973 -4.50719717923
99.75980784627703 -3.8699138657 -1.32969131107 -7.5030863072 -2.83566989561
99.919935948759 -4.08163726172 -1.28220590739 -7.80729409747 -0.949364365047
100.080064051241 -4.26292921559 -0.909781161666 -7.80965203692 0.891960511739
100.24019215372297 -4.34821270691 -0.0825862626461 -7.53499248118 2.48808950546
100.40032025620496 -4.27168574673 1.0699077688 -7.02963935864 3.7725349317
100.56044835868695 -4.00427736503 2.24785127983 -6.34188744412 4.77532247743
100.72057646116893 -3.56527540583 3.17929060309 -5.51228549731 5.55322970459
100.88070456365092 -3.00546442213 3.75332955853 -4.57305909344 6.15003243748
101.0408326661329 -2.37995655003 4.01683641849 -3.55108215324 6.5893572132
101.20096076861489 -1.7290139375 4.09350921483 -2.47060233951 6.88191921458
101.36108887109688 -1.07217098601 4.10924093906 -1.35463822384 7.03329441997
101.52121697357886 -0.411272543289 4.15595261186 -0.22548093469 7.04720919458
101.68134507606085 0.263109380152 4.28182408466 0.895082449968 6.92642997539
101.84147317854283 0.96427135642 4.48546878765 1.98579398142 6.67555997719
102.00160128102482 1.70043323306 4.70178200177 3.02664643358 6.30657581833
102.16172938350681 2.46307350842 4.78468851517 4.00039925453 5.84194672747
102.32185748598879 3.21387326069 4.51328181761 4.89388792201 5.30795355547
102.48198558847078 3.87741153251 3.66503451388 5.69732062877 4.71686353052
102.64211369095277 4.35289248334 2.17779012305 6.40032460089 4.04600588731
102.80224179343475 4.55418449911 0.314292474003 6.98510504849 3.22407821585
102.96236989591674 4.46317173885 -1.36889916023 7.41855379061 2.13374777891
103.12249799839871 4.15534510394 -2.32413354463 7.64750964639 0.654683212509
103.2826261008807 3.76844184629 -2.36784640134 7.60665158877 -1.21972699566
103.4427542033627 3.43037913949 -1.79581226133 7.24763161296 -3.26107842534
103.60288230584467 3.19684995313 -1.15202097565 6.5743079334 -5.08115111653
103.76301040832666 3.04298620059 -0.841927720156 5.64770020575 -6.39855321057
103.92313851080864 2.9043429415 -0.953401475432 4.55396037568 -7.18086109974
104.08326661329063 2.72131910563 -1.37065030506 3.37041621127 -7.54226380496
104.24339471577262 2.45652188818 -1.95657311574 2.15504870536 -7.59119303131
104.4035228182546 2.08953035601 -2.64187000832 0.953558838957 -7.37133967476
104.56365092073659 1.60555162402 -3.41923355418 -0.191517223454 -6.88703004218
104.72377902321857 0.989353707364 -4.29144554056 -1.2390718124 -6.16184446245
104.88390712570056 0.228170229022 -5.21777703001 -2.15662343057 -5.28407162982
105.04403522818255 -0.678738719038 -6.08653594977 -2.93100214092 -4.40016403509
105.20416333066453 -1.70785507025 -6.70392191614 -3.57328637014 -3.65406309941
105.36429143314652 -2.79639564854 -6.76774521766 -4.1129079835 -3.12373025286
105.5244195356285 -3.82386551264 -5.87044654413 -4.58514441926 -2.80632440693
105.68454763811049 -4.60773269028 -3.70507510633 -5.01985011968 -2.64111640148
105.84467574059248 -4.9542178334 -0.514676506406 -5.4335663925 -2.52294378455
106.00480384307446 -4.76920146225 2.73366502515 -5.82260611521 -2.30575214581
106.16493194555645 -4.1357430874 4.93591641458 -6.1570370109 -1.80589995025
106.32506004803844 -3.2752058744 5.53394857382 -6.37293208522 -0.78094418731
106.48518815052041 -2.44631526247 4.59616582705 -6.36772208975 0.969045140651
106.6453162530024 -1.85535757572 2.69553647154 -6.03231736968 3.26700606419
106.80544435548438 -1.5859674203 0.733011882532 -5.32672450557 5.46869636604
106.96557245796637 -1.58516850861 -0.587619423824 -4.31818298294 6.99263316719
107.12570056044837 -1.73169587854 -1.1236890811 -3.12848418236 7.75489259117
107.28582866293034 -1.91273017265 -1.05102247139 -1.86407960176 7.96115292212
107.44595676541233 -2.04223150149 -0.483536047014 -0.601822054916 7.72978703696
107.60608486789431 -2.03864166938 0.625845741758 0.584017107208 6.98373647419
107.7662129703763 -1.81111330813 2.29947868385 1.60191596458 5.63256341792
107.92634107285829 -1.28525935354 4.28118533352 2.36468803305 3.85884285887
108.08646917534027 -0.450145642983 6.07857910319 2.84088165717 2.14161997748
108.24659727782226 0.630852431601 7.31272919895 3.07673916896 0.902098721901
108.40672538030424 1.85402350993 7.83704361366 3.16078789522 0.235932286727
108.56685348278623 3.092976101 7.45663032305 3.17656433967 0.025793718004
108.72698158526822 4.17104226602 5.75001303262 3.18767213877 0.167013322756
108.8871096877502 4.84980130527 2.49371169713 3.24569851843 0.59676574692
109.04723779023219 4.92404295738 -1.5868366638 3.38508000687 1.13963282776
109.20736589271417 4.37620683928 -5.04270273898 3.60173906573 1.5204853163
109.36749399519616 3.39274059901 -6.96815823547 3.854422844 1.57457060998
109.52762209767815 2.22472097782 -7.39933790412 4.08366332147 1.20478421203
109.68775020016012 1.08624922161 -6.64008246705 4.20673835445 0.206938308235
109.84787830264212 0.150889456841 -4.90112046387 4.10697157747 -1.57933314712
110.00800640512409 -0.452303503693 -2.59505750421 3.67289299553 -3.87318604604
110.16813450760608 -0.689898176781 -0.463541661905 2.87800450664 -5.96030964956
110.32826261008807 -0.640918091023 0.936743862438 1.80464759518 -7.30821893253
110.48839071257005 -0.430712213852 1.58012963612 0.577586592645 -7.9122714203
110.64851881505204 -0.163971291982 1.67139845031 -0.701253327083 -7.98356472282
110.80864691753403 0.0778195745334 1.2524102639 -1.95339639497 -7.56215527292
110.96877502001601 0.199805666842 0.136035789082 -3.08643793985 -6.45573630999
111.128903122498 0.0773430324254 -1.78635692822 -3.97689657522 -4.54400322095
111.28903122497998 -0.395385424817 -4.12538175524 -4.51758047403 -2.196537925
111.44915932746197 -1.22367432979 -6.09555490588 -4.69757255561 -0.159730113247
111.60928742994396 -2.29487492325 -7.09172207515 -4.61111783602 1.10378983804
111.76941553242594 -3.42690752267 -6.81373095389 -4.38203027286 1.66122114242
111.92954363490793 -4.3948440954 -5.00268146935 -4.10368151664 1.75315758511
112.0896717373899 -4.94596421046 -1.66816170712 -3.83750334285 1.52806013659
112.2497998398719 -4.8926755382 2.32537284017 -3.62346903434 1.1355410668
112.40992794235389 -4.24209846394 5.58030764938 -3.47035085216 0.805575135983
112.57005604483587 -3.18735672513 7.33832640777 -3.35281780314 0.70896381215
112.73018414731786 -1.96295514723 7.77302252116 -3.22671415201 0.924270004794
112.89031224979983 -0.744925467136 7.31983656498 -3.03532927707 1.54254354413
113.05044035228183 0.347438304952 6.2291622601 -2.70645055589 2.64669774425
113.21056845476382 1.22398281088 4.65678035861 -2.1659247012 4.14928449484
113.3706965572458 1.82818222889 2.88963885053 -1.37416825528 5.71406083951
113.53082465972778 2.15961842021 1.30804802424 -0.354139142182 6.94674491384
113.69095276220976 2.27012392639 0.149937303148 0.822692089638 7.66572629991
113.85108086469175 2.23199610589 -0.55299778781 2.07580669451 7.91560943247
114.01120896717374 2.11665365238 -0.808361742643 3.33616749708 7.75564551379
114.17133706965572 2.00275649512 -0.504861581468 4.53277890336 7.08844595252
114.33146517213771 1.99472694069 0.53532281934 5.56808587343 5.71243123346
114.49159327461969 2.21069947055 2.23877829669 6.32379693232 3.63499147685
114.65172137710168 2.7152152626 3.99662476861 6.71965669156 1.3293576995
114.81184947958367 3.44504649692 4.9111558234 6.77240135876 -0.56322673563
114.97197758206565 4.20860562675 4.35692674439 6.57647820347 -1.77398828658
115.13210568454764 4.75770362449 2.27617417097 6.23339744058 -2.44131649059
115.29223378702963 4.8866433702 -0.740820247966 5.81071331564 -2.80508585668
115.45236188951161 4.52654612328 -3.65068961764 5.34100562821 -3.0557299757
115.6124899919936 3.77021543736 -5.5980217475 4.83058543503 -3.33315855985
115.77261809447558 2.79654476207 -6.38585532538 4.26702626253 -3.73094328821
115.93274619695757 1.77154725045 -6.30593500783 3.62697074458 -4.29068036716
116.09287429943956 0.802182096319 -5.75096372173 2.88525652755 -4.99154689209
116.25300240192153 -0.0609857287179 -5.01854548443 2.02525560917 -5.75014303101
116.41313050440353 -0.805122216487 -4.28430077308 1.04679804925 -6.45208312334
116.5732586068855 -1.43702834898 -3.62189529736 -0.0327854341932 -7.00061424223
116.7333867093675 -1.9689627757 -3.03154293605 -1.1842005943 -7.34451106913
116.89351481184949 -2.41001127969 -2.48138419455 -2.37315162864 -7.46816674246
117.05364291433146 -2.7649332141 -1.95749920108 -3.5634882602 -7.3576084954
117.21377101681345 -3.04057129234 -1.504512672 -4.71455658648 -6.96595482698
117.37389911929543 -3.25624447116 -1.22940585489 -5.77454529888 -6.20236021318
117.53402722177742 -3.44958618451 -1.23613784354 -6.67591995466 -4.97416360231
117.69415532425941 -3.66589810706 -1.49223972766 -7.34289663529 -3.29100177259
117.85428342674139 -3.92695292553 -1.73321846699 -7.71581979536 -1.34885655889
118.01441152922338 -4.19897142805 -1.5676019989 -7.77784198224 0.540743860947
118.17453963170536 -4.39397258077 -0.758983675566 -7.55839967519 2.14182780771
118.33466773418735 -4.41331036039 0.57785102143 -7.11068465172 3.39523269181
118.49479583666934 -4.20155305825 2.05234438457 -6.48640396357 4.36163344746
118.65492393915132 -3.77065135847 3.26069095148 -5.72459548987 5.12556906491
118.81505204163331 -3.18259137904 4.00347341802 -4.85254387713 5.74525714985
118.9751801441153 -2.51182430579 4.31367497403 -3.89100664722 6.24492362632
119.13530824659728 -1.81581140038 4.34854141565 -2.85887316512 6.6262319034
119.29543634907927 -1.12486274883 4.27513018631 -1.77556091135 6.88310064471
119.45556445156124 -0.445971946204 4.21291498157 -0.661414362108 7.01087120847
119.61569255404324 0.228304252488 4.22306652977 0.462741592516 7.00806405706
119.77582065652523 0.91083965879 4.31290508951 1.57601330164 6.87515376395
119.9359487590072 1.61136213034 4.43475473763 2.65776123587 6.61519269358
120.0960768614892 2.32698462312 4.47731175041 3.68820833598 6.23622282693
120.25620496397117 3.03182907328 4.26759979065 4.64924804609 5.7502789676
120.41633306645316 3.67004423326 3.61762459891 5.52445004018 5.16392256876
120.57646116893515 4.16176409768 2.43960968087 6.29691295192 4.46175495472
120.73658927141713 4.43067589515 0.884043295048 6.94445295693 3.59142797505
120.89671737389912 4.4464638112 -0.639354819207 7.43333582998 2.46309070828
121.0568454763811 4.2532460721 -1.65953746943 7.71446561073 0.985346687175
121.21697357886309 3.95479363668 -1.94862302152 7.72991509477 -0.841083627079
121.37710168134508 3.65956612753 -1.67793395617 7.43634396316 -2.82605106111
121.53722978382706 3.42439683649 -1.27376915006 6.83420408687 -4.63846310533
121.69735788630905 3.2389605478 -1.09735369108 5.97459492221 -6.01374538897
121.85748598879103 3.05471633124 -1.25600587602 4.9351270204 -6.89084236171
122.01761409127302 2.82337385955 -1.66365199835 3.78986290475 -7.3541739273
122.17774219375501 2.51546332273 -2.19447362679 2.5963204325 -7.50819119345
122.33787029623699 2.11792510305 -2.77744493386 1.39860523001 -7.41174328618
122.49799839871898 1.62347989781 -3.40809578803 0.235128836617 -7.08159348441
122.65812650120095 1.02254189696 -4.1113760657 -0.85742836811 -6.52998224463
122.81825460368295 0.302668890222 -4.88953789855 -1.84680217763 -5.8053712888
122.97838270616494 -0.54413424993 -5.6790774252 -2.71271069745 -5.00819092351
123.13851080864691 -1.50856818422 -6.32384374409 -3.45357739846 -4.26376473442
123.2986389111289 -2.54742575696 -6.55291949252 -4.08631204002 -3.66880649382
123.4587670136109 -3.56451868266 -5.98246700013 -4.63829731615 -3.25450961554
123.61889511609287 -4.40110232452 -4.25934760283 -5.13649831791 -2.98672301657
123.77902321857486 -4.86855660145 -1.43767363963 -5.59812200049 -2.77938121315
123.93915132105684 -4.84214481774 1.73370194045 -6.02289391098 -2.50102298277
124.09927942353883 -4.35377283838 4.16196437195 -6.38600906784 -1.9754003274
124.25940752602082 -3.58925070664 5.11432129573 -6.62988150498 -0.968934156886
124.4195356285028 -2.80037210773 4.50304230422 -6.65909649663 0.723349134038
124.57966373098479 -2.20498410382 2.82260740779 -6.36733010215 2.97567019713
124.73979183346677 -1.90626148804 0.953020212092 -5.70760449618 5.19996274084
124.89991993594876 -1.86871364601 -0.355825551995 -4.73615903457 6.80312159164
125.06004803843075 -1.97831704869 -0.892427721199 -3.56981737644 7.65046636279
125.22017614091273 -2.12147076876 -0.808325702408 -2.3163070263 7.92829703412
125.38030424339472 -2.21201824707 -0.24684430829 -1.05307081128 7.78050778074
125.5404323458767 -2.17519432661 0.790067839508 0.150976403271 7.17207445056
125.70056044835869 -1.93263301918 2.3133089462 1.21445873506 6.02069804584
125.86068855084068 -1.41798151396 4.13456091671 2.05578105404 4.44236313283
126.02081665332265 -0.614000530108 5.85512429805 2.6349164143 2.82274721211
126.18094475580465 0.432463461728 7.12092845931 2.97960643507 1.56461457568
126.34107285828662 1.63311822603 7.76037937658 3.16388644662 0.820970653581
126.50120096076861 2.8747325459 7.58416016775 3.26633961274 0.52287854852
126.6613290632506 3.99699643868 6.19040336641 3.34944678898 0.566115645009
126.82145716573258 4.77374356482 3.26220442833 3.46230045201 0.881216979294
126.98158526821457 4.98450504 -0.702507405193 3.63882835335 1.32585442954
127.14171337069656 4.56659517714 -4.34509221143 3.88067140663 1.65681945826
127.30184147317854 3.67024908673 -6.57706954035 4.15368131149 1.69561355023
127.46196957566053 2.54474576235 -7.23877502413 4.40202825706 1.3235856455
127.62209767814251 1.42171371557 -6.59026929278 4.54421030312 0.32641781375
127.7822257806245 0.491093858459 -4.88273644916 4.46312020304 -1.46810301226
127.94235388310649 -0.109181671018 -2.57436956521 4.04504097928 -3.78724278076
128.10248198558847 -0.342878427047 -0.436418354307 3.26119968875 -5.90834874622
128.26261008807046 -0.28959356724 0.961727524573 2.19379147594 -7.28403372088
128.42273819055245 -0.0761213676238 1.59504279663 0.969133369502 -7.9048541526
128.5828662930344 0.191994312776 1.67365836065 -0.309422601196 -7.98714685119
128.7429943955164 0.433252377127 1.24419895411 -1.56312462454 -7.57906043723
128.9031224979984 0.553457491785 0.12319022724 -2.70047270485 -6.49416393234
129.0632506004804 0.429019794013 -1.79743894493 -3.59929607981 -4.61038949491
129.22337870296238 -0.0453654208614 -4.13674518343 -4.15261195218 -2.28599777204
129.38350680544437 -0.876949957488 -6.13244785998 -4.34784035682 -0.258215578932
129.54363490792633 -1.9602163754 -7.22102887079 -4.27719910187 1.00525829015
129.70376301040832 -3.12780044653 -7.14993423872 -4.06398885361 1.5603168422
129.86389111289031 -4.17354055978 -5.64641111938 -3.80264904507 1.63881448328
130.0240192153723 -4.84970767104 -2.55421642949 -3.55760594067 1.37131134967
130.1841473178543 -4.93939793854 1.48211984794 -3.37536962561 0.886953003386
130.34427542033626 -4.40116056044 5.04722161897 -3.27164978186 0.436353752019
130.50440352281825 -3.40312109837 7.15166759303 -3.22227887611 0.230121475538
130.66453162530024 -2.18763769277 7.82892239507 -3.18065279385 0.348804438252
130.82465972778223 -0.948079272478 7.51905607996 -3.08883611152 0.876962282076
130.98478783026422 0.182239214808 6.48883588407 -2.87124418586 1.93537454275
131.1449159327462 1.09817579324 4.86891561904 -2.44129244551 3.50148933992
131.30504403522818 1.72508131113 2.94825341243 -1.73996486386 5.24707205727
131.46517213771017 2.05131480402 1.18961653603 -0.777201319182 6.69543302255
131.62530024019216 2.13277839087 -0.0796161734507 0.373532281229 7.57913878528
131.78542834267415 2.05453451088 -0.814076585872 1.62153758052 7.93040520085
131.94555644515611 1.89759498823 -1.06517390799 2.89045497344 7.84740233778
132.1056845476381 1.74271718501 -0.761884140711 4.10853366034 7.26761355179
132.2658126501201 1.69345061359 0.282075388339 5.18002843271 5.98238109869
132.4259407526021 1.87320354357 2.05762324064 5.98344589452 3.94836856682
132.58606885508408 2.36297147829 4.01677725457 6.42759315429 1.60759195129
132.74619695756604 3.12050659911 5.25239217783 6.51935443821 -0.353205485674
132.90632506004803 3.96814214538 5.06381554434 6.35352119602 -1.5997380661
133.06645316253002 4.65443737163 3.25070846929 6.03885691281 -2.25311287999
133.22658126501202 4.94317625413 0.223573661403 5.65011334834 -2.56363658776
133.386709367494 4.71489640024 -3.01017190347 5.22540759327 -2.73096554964
133.54683746997597 4.02523580492 -5.40550926467 4.77489321706 -2.90839555194
133.70696557245796 3.0515546297 -6.5531731294 4.28734093334 -3.20862612364
133.86709367493995 1.98186042382 -6.66974579896 3.73707770303 -3.69880391446
134.02722177742194 0.94851923116 -6.16462165709 3.09187778399 -4.39055019404
134.18734987990393 0.0228376617075 -5.36994893087 2.32343354559 -5.22125173925
134.3474779823859 -0.767363064326 -4.49955687849 1.4190784097 -6.06396342849
134.5076060848679 -1.42062732123 -3.67251228148 0.388208990861 -6.78108227812
134.66773418734988 -1.94815107453 -2.93070245208 -0.740917421759 -7.28143242073
134.82786228983187 -2.36335625277 -2.2667034841 -1.93041997844 -7.53361902666
134.98799039231386 -2.67776419812 -1.67366454583 -3.1400889669 -7.5316224194
135.14811849479582 -2.90545999736 -1.1976446455 -4.32727928785 -7.24286604555
135.30824659727782 -3.07379823258 -0.956350832674 -5.43957339974 -6.57644167044
135.4683746997598 -3.23148380047 -1.08039705759 -6.40684643352 -5.41511270379
135.6285028022418 -3.43929774183 -1.55914121705 -7.14580543324 -3.73765336854
135.7886309047238 -3.73434523388 -2.09610121288 -7.58670399443 -1.74528713643
135.94875900720575 -4.08681748738 -2.19248540924 -7.70747854151 0.199104745646
136.10888710968774 -4.39271311424 -1.48389266232 -7.5410322443 1.81299196343
136.26901521216973 -4.52122781968 -0.0249317075919 -7.148023416 3.03541069766
136.42914331465172 -4.38435237074 1.73702162664 -6.58513048231 3.95470911127
136.58927141713372 -3.97814131792 3.26003511057 -5.89151432599 4.6850724074
136.74939951961568 -3.37079753064 4.22319973724 -5.09050554308 5.30518421976
136.90952762209767 -2.65627599146 4.61876005854 -4.19658483771 5.84748287756
137.06965572457966 -1.91215674799 4.63005173617 -3.2220925618 6.30907199868
137.22978382706165 -1.1824370863 4.47118098826 -2.18139647161 6.67085752125
137.38991192954364 -0.480827823409 4.2985349534 -1.09202785065 6.91457030547
137.55004003202563 0.197866362673 4.19254062785 0.0261808437463 7.03004157534
137.7101681345076 0.866372055508 4.16939495519 1.15233557564 7.01347120552
137.8702962369896 1.53571821897 4.19288754703 2.2651560723 6.86328329593
138.03042433947158 2.20716794565 4.17724482278 3.34315582425 6.57843946258
138.19055244195357 2.86444521828 3.99106748117 4.36472287573 6.1582734649
138.35068054443556 3.46824833669 3.4866303232 5.30798373597 5.59912265146
138.51080864691752 3.95906820222 2.57578030605 6.14964712621 4.88496960914
138.67093674939952 4.27498984283 1.3319689973 6.86208497102 3.97614773192
138.8310648518815 4.38235190858 0.0300494956292 7.40921660737 2.80842688715
138.9911929543635 4.301125642 -0.967487799914 7.74437262178 1.32229592205
139.1513210568455 4.10120280644 -1.43837928706 7.81631635654 -0.465217245091
139.31144915932745 3.8650634923 -1.4569190913 7.58782167813 -2.39004509954
139.47157726180944 3.64276033596 -1.32204620884 7.05837801949 -4.17615707442
139.63170536429143 3.43424470897 -1.319252579 6.27062447391 -5.58898192334
139.79183346677343 3.20743025456 -1.55108191966 5.29276523518 -6.55130936128
139.95196156925542 2.92806834013 -1.95834886354 4.19374768803 -7.11710914115
140.11208967173738 2.57651940074 -2.43733595462 3.02971559508 -7.37740508059
140.27221777421937 2.14707833856 -2.92639624326 1.84383880311 -7.39746976761
140.43234587670136 1.63881705376 -3.42621518268 0.671913332678 -7.20553024568
140.59247397918335 1.04719938924 -3.97473096051 -0.453011209113 -6.81235922176
140.75260208166534 0.361546429549 -4.60272718765 -1.50025296125 -6.24190368281
140.9127301841473 -0.430063786582 -5.28782449449 -2.44573821618 -5.55507826021
141.0728582866293 -1.32913699877 -5.91696221666 -3.27820276667 -4.84777753247
141.2329863891113 -2.30995064892 -6.25966426577 -4.0024638437 -4.21760620282
141.39311449159328 -3.29994983307 -5.9658799186 -4.63619763351 -3.72166586889
141.55324259407527 -4.16632940711 -4.66479882206 -5.2013931312 -3.35571628482
141.71337069655723 -4.73393991733 -2.26325729065 -5.71456662857 -3.05702388319
141.87349879903923 -4.85903175785 0.721289151353 -6.17802111184 -2.71173033217
142.03362690152122 -4.52543193529 3.29047301939 -6.57190169506 -2.15617049298
142.1937550040032 -3.87422234562 4.58893235469 -6.84563657327 -1.17075643778
142.3538831064852 -3.13884161479 4.35322824745 -6.91245547666 0.44960882387
142.51401120896716 -2.54291775708 2.95688239471 -6.67063483849 2.63328475913
142.67413931144915 -2.20975027795 1.22445446237 -6.06634233347 4.86588833477
142.83426741393114 -2.1258992247 -0.0612247040897 -5.14218931736 6.55488439676
142.99439551641314 -2.18922403119 -0.609476821619 -4.00714981728 7.50626721897
143.15452361889513 -2.2877005093 -0.532954171807 -2.76942654637 7.87310487124
143.3146517213771 -2.33569480225 0.00206902285276 -1.50785431996 7.81940646584
143.47477982385908 -2.26533180928 0.945801965962 -0.287012801207 7.35420434289
143.63490792634107 -2.01084782257 2.29622793144 0.821585349314 6.41032639357
143.79503602882306 -1.5144122795 3.93073774753 1.7429436908 5.04470621786
143.95516413130505 -0.752761498595 5.55046758038 2.429834615 3.54457368187
144.11529223378702 0.245117748572 6.8375388684 2.89088125246 2.27715262804
144.275420336269 1.4086421881 7.59387538986 3.18284576169 1.44652708146
144.435548438751 2.63884225883 7.62577887766 3.37709895093 1.04349532801
144.595676541233 3.79229512417 6.55788654004 3.53490675984 0.976609937988
144.75580464371498 4.65879246212 4.00923693098 3.70372915226 1.16823133101
144.91593274619694 5.00959633596 0.249120927564 3.91678283753 1.50080817339
145.07606084867894 4.73792777459 -3.52232166558 4.18077427962 1.76725044562
145.23618895116093 3.9484534755 -6.07495170804 4.46921956851 1.78265359745
145.39631705364292 2.87930427341 -7.01840369503 4.73101130424 1.40674737027
145.5564451561249 1.77719929433 -6.52984716564 4.8869701303 0.416546073672
145.71657325860687 0.849935225131 -4.88992570262 4.8209765788 -1.37111560061
145.87670136108886 0.246592384978 -2.5999749474 4.41798746188 -3.6992103658
146.03682946357085 0.0089011905649 -0.458892746032 3.64628297867 -5.84670439148
146.19695756605284 0.0591087126885 0.945052639758 2.58633866524 -7.25162868556
146.35708566853484 0.26991629245 1.57700318826 1.36504631132 -7.89372986371
146.51721377101683 0.534544117732 1.64743114303 0.0869959149823 -7.99177612569
146.6773418734988 0.770891567442 1.20989987626 -1.16895299998 -7.60429216522
146.83746997598078 0.885539034429 0.0903252027462 -2.31294569629 -6.55479450365
146.99759807846277 0.756866188338 -1.81574848716 -3.22526641859 -4.71925370408
147.15772618094476 0.280922336006 -4.13966429394 -3.7995616841 -2.43583404572
147.31785428342675 -0.551366888263 -6.14505820255 -4.02034837547 -0.422912710115
147.47798238590872 -1.64111039291 -7.30270519263 -3.97577069321 0.846305694203
147.6381104883907 -2.83389102351 -7.40327221274 -3.78727964547 1.40983059956
147.7982385908727 -3.94181508616 -6.18367260572 -3.54982798391 1.48899639871
147.9583666933547 -4.72765169393 -3.36645271482 -3.32997113923 1.20097892982
148.11849479583668 -4.95495942276 0.628747632232 -3.17955428814 0.651368856489
148.27862289831864 -4.53650793742 4.43970830841 -3.12148257953 0.0992328177918
148.43875100080064 -3.60880203642 6.87552167078 -3.13407858887 -0.203517448415
148.59887910328263 -2.41629885704 7.7990529806 -3.16848729957 -0.165914137565
148.75900720576462 -1.16877878913 7.63431797277 -3.16533478185 0.285293476463
148.9191353082466 -0.0135229010147 6.67214194955 -3.04714919941 1.2948868801
149.07926341072857 0.931314055372 5.02924942484 -2.71809116349 2.9011854811
149.23939151321056 1.57539006273 2.98986214249 -2.101945529 4.79894812519
149.39951961569255 1.89623989393 1.08438260028 -1.19507061363 6.44456918503
149.55964771817455 1.95254606336 -0.275319080379 -0.0711432201277 7.48417261678
149.71977582065654 1.84076010845 -1.0278165776 1.16984592835 7.92939333942
149.8799039231385 1.65057845607 -1.26562530579 2.44394340083 7.91200946252
150.0400320256205 1.46412795573 -0.959211332326 3.67801645847 7.40571475394
150.20016012810248 1.38255019103 0.0770295439352 4.77839187586 6.20438275296
150.36028823058447 1.53117999024 1.88727900234 5.62239810933 4.22368458788
150.52041633306646 2.00338957763 3.98903077834 6.11031571897 1.8675596753
150.68054443554843 2.77622906978 5.48974892333 6.23930583424 -0.14959282911
150.84067253803042 3.689076343 5.64866050598 6.10256891392 -1.43327918156
151.0008006405124 4.49636829012 4.15876113274 5.81444035362 -2.08130921545
151.1609287429944 4.94328739302 1.23890822307 5.45615227781 -2.3492882789
151.3210568454764 4.86352198068 -2.22337774724 5.07141028634 -2.44113819544
151.48118494795835 4.26614626916 -5.05269724348 4.67499223811 -2.52010921827
151.64131305044035 3.31519807146 -6.60174201521 4.25801384963 -2.7158759282
151.80144115292234 2.2154551705 -6.96956532636 3.7942807236 -3.11524213761
151.96156925540433 1.12413229028 -6.56646549766 3.24704629127 -3.76126012314
152.12169735788632 0.134252162935 -5.75164566861 2.57785619934 -4.62606089175
152.28182546036828 -0.70891275825 -4.76660637563 1.76013874295 -5.58972362194
152.44195356285027 -1.39195624592 -3.77325565466 0.79171507356 -6.47952348786
152.60208166533226 -1.92206004525 -2.86637151583 -0.303222388458 -7.15227327411
152.76220976781426 -2.31624924453 -2.07686141786 -1.48380297542 -7.54537939858
152.92233787029625 -2.59361756513 -1.40903336926 -2.70455929672 -7.65495840432
153.0824659727782 -2.77596329461 -0.902553967059 -3.91965742006 -7.46804543947
153.2425940752602 -2.89733425418 -0.672634670278 -5.07627700069 -6.90463450019
153.4027221777422 -3.01441352309 -0.870436388826 -6.10350728802 -5.83000007203
153.56285028022418 -3.2009622808 -1.52246134026 -6.91241471153 -4.18453573924
153.72297838270617 -3.51120030279 -2.33583700814 -7.42270966948 -2.15580289259
153.88310648518814 -3.92667980341 -2.73310852542 -7.60417300577 -0.149657828251
154.04323458767013 -4.33676516465 -2.21508399458 -7.49053287037 1.49394605972
154.20336269015212 -4.58350643636 -0.730378579646 -7.14953943854 2.6978281657
154.3634907926341 -4.54265128311 1.27158394456 -6.6442422528 3.57068073608
154.5236188951161 -4.18445181853 3.12775551396 -6.01599227209 4.25490995126
154.6837469975981 -3.57464783417 4.36718431356 -5.28607272287 4.85312101568
154.84387510008006 -2.82385909022 4.90376935393 -4.46366850764 5.41375576354
155.00400320256205 -2.03165993107 4.92757054661 -3.55418971736 5.93767415296
155.16413130504404 -1.25912647894 4.69887153338 -2.56556548438 6.39633092255
155.32425940752603 -0.529365059613 4.41921920532 -1.51108101738 6.75503765991
155.48438751000802 0.15937821331 4.19731915711 -0.408888115989 6.98933656802
155.64451561248998 0.819614210797 4.06277896357 0.720036097279 7.08781870672
155.80464371497197 1.46380669738 3.98867383873 1.85352926629 7.0457517125
155.96477181745396 2.09664881398 3.9066797895 2.96871531671 6.85804901676
156.12489991993596 2.70924141423 3.71733595862 4.04162410566 6.51584524559
156.28502802241795 3.2754967115 3.31074484153 5.04646921943 6.0050287574
156.4451561248999 3.75383259339 2.61353468567 5.95459940448 5.30320087699
156.6052842273819 4.09828093313 1.65494656019 6.732813536 4.37542441061
156.7654123298639 4.27864927149 0.6021864331 7.34139984682 3.17718318962
156.92554043234588 4.29935438324 -0.298996972663 7.73421714768 1.6793881828
157.08566853482787 4.20073339459 -0.873067555341 7.8650866943 -0.0794151666308
157.24579663730984 4.0366071576 -1.13740045742 7.70269749623 -1.94919860871
157.40592473979183 3.84328634131 -1.27420336854 7.24723827738 -3.70031773149
157.56605284227382 3.62494699113 -1.47366095461 6.53483082325 -5.13391553371
157.7261809447558 3.36395212117 -1.80730489598 5.62453931976 -6.16915207855
157.8863090472378 3.04126311477 -2.23137808938 4.57896004709 -6.83412318218
158.04643714971976 2.64871104006 -2.66855044021 3.45176712791 -7.20082399662
158.20656525220176 2.18834410798 -3.07578563649 2.28534922463 -7.3323673656
158.36669335468375 1.66478506916 -3.46343561798 1.11414142545 -7.26435397999
158.52682145716574 1.07774043734 -3.87773428702 -0.031220910057 -7.01104902171
158.68694955964773 0.418893577916 -4.36612064134 -1.12191464141 -6.58466558083
158.8470776621297 -0.325059018998 -4.93656085473 -2.13244542653 -6.01791250471
159.00720576461168 -1.16283099783 -5.51743348134 -3.0451243744 -5.37577887257
159.16733386709367 -2.08301774073 -5.92470852198 -3.85458717819 -4.74282512498
159.32746196957567 -3.03475031235 -5.85144628559 -4.56835438681 -4.18899143233
159.48759007205766 -3.91156257979 -4.93206577671 -5.20169301849 -3.73721582535
159.64771817453962 -4.55760151299 -2.96848374127 -5.76884417174 -3.35144478935
159.8078462770216 -4.82131542544 -0.258949705629 -6.27369634649 -2.93924103596
159.9679743795036 -4.64542573747 2.35642879245 -6.70104252268 -2.35436739177
160.1281024819856 -4.12112384553 3.96896609293 -7.00778427618 -1.39557338899
160.28823058446758 -3.45244005159 4.14098565715 -7.11691186505 0.138310007302
160.44835868694955 -2.86144040079 3.08596382444 -6.93284092484 2.23039613914
160.60848678943154 -2.49083421326 1.53352909982 -6.39520484859 4.45496339378
160.76861489191353 -2.35352229163 0.279277134943 -5.53053440446 6.23500082789
160.92874299439552 -2.36448053668 -0.299269833744 -4.43670917743 7.31108662815
161.0888710968775 -2.41605732791 -0.257076022824 -3.22124505344 7.78681855326
161.24899919935947 -2.42328119259 0.229727203038 -1.96539845868 7.83656126173
161.40912730184147 -2.32381425749 1.06927824659 -0.731323847336 7.51186303905
161.56925540432346 -2.06287763652 2.24344839138 0.417834879399 6.76787323153
161.72938350680545 -1.59090677255 3.68267140207 1.41407220316 5.61755937066
161.88951160928744 -0.880115455184 5.18245583005 2.20532418281 4.25523973781
162.0496397117694 0.0575324718094 6.47367398567 2.78250562348 2.99605326878
162.2097678142514 1.17044989057 7.34126245619 3.18346378471 2.07901941108
162.36989591673338 2.3754685511 7.58210064359 3.4697718783 1.55971071034
162.53002401921538 3.54695079378 6.84927250897 3.70084047928 1.37514371663
162.69015212169737 4.49389320886 4.72482251775 3.92374718793 1.44457623744
162.85028022417936 4.98669658056 1.26160133611 4.17176237236 1.66612626532
163.01040832666132 4.87799839218 -2.56163804647 4.45619877494 1.86609082478
163.1705364291433 4.21834902011 -5.43808898862 4.75828699312 1.85999275356
163.3306645316253 3.2225141807 -6.7264591587 5.03265781926 1.49058135316
163.4907926341073 2.14669881292 -6.47328211133 5.20416793888 0.530423365201
163.65092073658928 1.21696624193 -4.96204268652 5.15956492289 -1.21936213412
163.81104883907125 0.597331936147 -2.71924739714 4.78219236335 -3.53863229125
163.97117694155324 0.34093617546 -0.566185666952 4.03379493959 -5.72237171334
164.13130504403523 0.376583432003 0.870515555371 2.98938465488 -7.18187409804
164.29143314651722 0.577410833445 1.52378214143 1.77552160535 -7.86800959515
164.4515612489992 0.834113209611 1.60008644569 0.498901440193 -7.99911002219
164.61168935148117 1.06326822674 1.16937554017 -0.761274897888 -7.65306860754
164.77181745396317 1.17322388428 0.0764256430897 -1.91812732374 -6.67156835578
164.93194555644516 1.04585177477 -1.78440614142 -2.8560474205 -4.92249283413
165.09207365892715 0.577958489939 -4.07593849099 -3.46856465034 -2.70212634398
165.25220176140914 -0.244448901493 -6.09442317094 -3.7333553811 -0.697079586438
165.4123298638911 -1.33106896239 -7.32589690293 -3.73052061511 0.602201291741
165.5724579663731 -2.53905400834 -7.5879521766 -3.57833436829 1.19919258721
165.73258606885508 -3.69719821797 -6.64392695051 -3.37254413461 1.30270810937
165.89271417133708 -4.58248269313 -4.13835643059 -3.18131144218 1.02628732599
166.05284227381907 -4.94742567727 -0.268361913311 -3.06016648289 0.452114579588
166.21297037630103 -4.66139280451 3.72819482834 -3.03919936473 -0.170463205052
166.37309847878302 -3.82125911519 6.49631991065 -3.10158343958 -0.5542143822
166.533226581265 -2.66625005018 7.69116164769 -3.19786465382 -0.586828493068
166.693354683747 -1.42167400905 7.68994279581 -3.26767789513 -0.205620769944
166.853482786229 -0.249697445744 6.81406619395 -3.23322163982 0.745586567931
167.01361088871096 0.71986652899 5.18171604325 -2.99280865937 2.35946330091
167.17373899119295 1.3832632096 3.0657796395 -2.45573956847 4.36945684279
167.33386709367494 1.70683549433 1.04256385834 -1.60405813357 6.18716476865
167.49399519615693 1.74903831909 -0.399450805148 -0.508772195628 7.37489739947
167.65412329863892 1.61487915758 -1.17496564975 0.72277193998 7.91247215134
167.81425140112088 1.40136383733 -1.40939155146 1.99928176832 7.957522603
167.97437950360288 1.19138141987 -1.11387744961 3.24597169897 7.52121565183
168.13450760608487 1.08253065141 -0.110334248268 4.37177051583 6.40775130639
168.29463570856686 1.19972687163 1.69265940768 5.25450805919 4.49591132604
168.45476381104885 1.64637999815 3.88538418155 5.78706722182 2.1398058381
168.6148919135308 2.41857773911 5.6063702117 5.9554437582 0.0655113842133
168.7750200160128 3.37532963262 6.0951156735 5.84853504058 -1.27059963325
168.9351481184948 4.2839208374 4.97242902763 5.58482807327 -1.93213532643
169.09527622097679 4.88263405437 2.27799125804 5.25191161537 -2.1755112049
169.25540432345878 4.96561495012 -1.29103198091 4.8994378623 -2.20573267997
169.41553242594074 4.48831666388 -4.51439288695 4.54781850581 -2.1921858127
169.57566052842273 3.5876633015 -6.49929244196 4.1917768108 -2.28176336149
169.73578863090472 2.47753914914 -7.17556266201 3.80607536422 -2.57634524595
169.8959167333867 1.33861977727 -6.93225332759 3.35209794448 -3.14263468352
170.0560448358687 0.285817563019 -6.15248592088 2.78424167412 -3.99348057307
170.21617293835067 -0.617017677443 -5.09475155799 2.06259203759 -5.0385975547
170.37630104083266 -1.34130103436 -3.95144406925 1.17032438672 -6.08849944298
170.53642914331465 -1.88609084218 -2.87315377276 0.123260163188 -6.94411525819
170.69655724579664 -2.26951737143 -1.94384484346 -1.03704771366 -7.49378084946
170.85668534827863 -2.51791005639 -1.18873667377 -2.25953805107 -7.72324930566
171.01681345076062 -2.6609740085 -0.637773280109 -3.49391626275 -7.64018228496
171.17694155324259 -2.73826667548 -0.391207003187 -4.68675148746 -7.1864918218
171.33706965572458 -2.81126664034 -0.610756515124 -5.76807486961 -6.22093722825
171.49719775820657 -2.96330453872 -1.37021468551 -6.64577088592 -4.64116157285
171.65732586068856 -3.26623646927 -2.41806213719 -7.22906254451 -2.59724753761
171.81745396317055 -3.7202620376 -3.13839273151 -7.4758729932 -0.52082721881
171.9775820656525 -4.21953981683 -2.90429977358 -7.41653329364 1.17989277161
172.1377101681345 -4.58785355664 -1.51957156617 -7.12459485634 2.39057777887
172.2978382706165 -4.66453181754 0.632608016908 -6.67086571251 3.22896715846
172.4579663730985 -4.383971836 2.81289765013 -6.10134614294 3.86251197155
172.61809447558048 -3.79703161107 4.38448115583 -5.4378966213 4.41871575989
172.77822257806244 -3.02427825981 5.13628247017 -4.68649988987 4.96787427076
172.93835068054443 -2.18735852793 5.23162006034 -3.84641851935 5.52461542911
173.09847878302642 -1.36792675244 4.96693866295 -2.91831725231 6.05989935347
173.2586068855084 -0.60226482102 4.59361945604 -1.90946001858 6.52496123954
173.4187349879904 0.1054254494 4.25858382699 -0.834736152882 6.87683016832
173.57886309047237 0.76646149796 4.01292399408 0.285500500416 7.09082071468
173.73899119295436 1.39458213437 3.84074738246 1.42824321349 7.15691363211
173.89911929543635 1.9974206859 3.68539487908 2.56932227668 7.06871833906
174.05924739791834 2.5715923843 3.46885504259 3.68319081822 6.8143217075
174.21937550040033 3.10079660787 3.11179262291 4.74164783445 6.37217213069
174.3795036028823 3.55784203115 2.56352465235 5.71222484815 5.71067409967
174.5396317053643 3.91220265617 1.83873608379 6.55674487062 4.79102306893
174.69975980784628 4.14237134312 1.03445306747 7.23087051944 3.57798221283
174.85988791032827 4.24691526312 0.292834652759 7.68654922903 2.06626825625
175.02001601281026 4.24504026619 -0.286439120367 7.87986290109 0.318998695786
175.18014411529222 4.16338181118 -0.715378283696 7.7840795707 -1.51319327152
175.3402722177742 4.01858204729 -1.09430921184 7.4014166686 -3.23119993552
175.5004003202562 3.81053683357 -1.51490183357 6.76431842334 -4.67062623618
175.6605284227382 3.53038586364 -1.99007008254 5.92449209554 -5.75946216176
175.8206565252202 3.17307570226 -2.46754850766 4.93790972319 -6.51059304647
175.98078462770215 2.74319762963 -2.88914877281 3.8546147009 -6.97726405628
176.14091273018414 2.25194614203 -3.23485194245 2.71563905256 -7.21394990699
176.30104083266613 1.70993547473 -3.53062228318 1.55455403659 -7.25789931951
176.46116893514812 1.12097420096 -3.83155325648 0.400538614024 -7.12749629524
176.62129703763011 0.479469318656 -4.19502688828 -0.71923223908 -6.8317171286
176.78142514011208 -0.227458853221 -4.64907161047 -1.77934792977 -6.3866250043
176.94155324259407 -1.01245979184 -5.15658385849 -2.75864724112 -5.83115450009
177.10168134507606 -1.87462167428 -5.57999278222 -3.64431644672 -5.2291694682
177.26180944755805 -2.7814216789 -5.66161702312 -4.43456255376 -4.64948942289
177.42193755004004 -3.65122749969 -5.06017671221 -5.13683911794 -4.13350086064
177.582065652522 -4.35094974995 -3.51555458835 -5.76131626962 -3.67127486881
177.742193755004 -4.73179864133 -1.14206827964 -6.31192470412 -3.19474763807
177.902321857486 -4.70652005958 1.41305198704 -6.77711586422 -2.57881805677
178.06244995996798 -4.31740828238 3.26498268205 -7.12080776901 -1.64335484858
178.22257806244997 -3.73053452121 3.83396836373 -7.2758181552 -0.195959881356
178.38270616493193 -3.15728822755 3.15428985141 -7.15393508552 1.79272098048
178.54283426741392 -2.75533862831 1.82591320367 -6.69011384207 3.98960052513
178.7029623698959 -2.56495779 0.626688712275 -5.89457835134 5.85213443798
178.8630904723779 -2.52243249123 0.0143921586811 -4.85151082348 7.06189819911
179.0232185748599 -2.52774457184 0.00707296830127 -3.66578857159 7.66060302421
179.1833466773419 -2.49699172741 0.436287109313 -2.42147110876 7.81882953404
179.34347477982385 -2.37155914332 1.1772725939 -1.18037338174 7.62433501432
179.50360288230584 -2.10541780048 2.19089300787 0.000567602688483 7.06083443316
179.66373098478783 -1.65711933731 3.4407744628 1.06037501232 6.11752749136
179.82385908726982 -0.997364999862 4.80214662383 1.94543049346 4.91122846673
179.98398718975182 -0.124415722186 6.06610005321 2.63256037727 3.69234302766
180.14411529223378 0.928743219496 7.01980892686 3.14078420643 2.70919164486
180.30424339471577 2.09608081046 7.45163529095 3.51912681603 2.07584439291
180.46437149719776 3.27044533487 7.03989847835 3.8232437582 1.7718255223
180.62449959967975 4.28224476615 5.35525533487 4.10025204918 1.72401780271
180.78462770216174 4.90897609759 2.26913946506 4.38422573817 1.83993814739
180.9447558046437 4.97114689815 -1.50167043077 4.69050522994 1.9733356557
181.1048839071257 4.46147048627 -4.66435003564 5.00759897967 1.94677897274
181.2650120096077 3.55827216046 -6.33960072176 5.29658859709 1.59194038764
181.42514011208968 2.51824224407 -6.39415456855 5.48780988342 0.680751475691
181.58526821457167 1.58422284684 -5.07599642233 5.47258399873 -1.00404742059
181.74539631705363 0.938337115518 -2.9147825191 5.13264979012 -3.2976146686
181.90552441953562 0.650818923919 -0.746825469166 4.42003884038 -5.5270085124
182.06565252201761 0.661931023971 0.745939434617 3.40051194812 -7.06742269709
182.2257806244996 0.846576976521 1.4416799268 2.19917211416 -7.82209430074
182.3859087269816 1.0918415584 1.53681360354 0.925749311422 -8.00382462168
182.54603682946356 1.31220613024 1.1257575996 -0.339616689371 -7.71748915564
182.70616493194555 1.41859597949 0.081574543687 -1.5139061742 -6.83179510993
182.86629303442754 1.2978960345 -1.70505627811 -2.48718821227 -5.20430117947
183.02642113690953 0.847487688958 -3.94567190745 -3.15276346502 -3.07159700565
183.18654923939152 0.0456887095091 -5.97921375125 -3.47834193775 -1.07324350597
183.3466773418735 -1.02816072628 -7.29210506029 -3.53208721176 0.276541177011
183.50680544435548 -2.24199709241 -7.71019182577 -3.42734492998 0.93056972124
183.66693354683747 -3.43942399347 -7.03210844461 -3.26078483555 1.07997761617
183.82706164931946 -4.41399480359 -4.86511506839 -3.10191722213 0.843405748824
183.98718975180145 -4.9153307739 -1.20082582671 -3.00825319626 0.284524146391
184.14731785428341 -4.77368322142 2.91170130242 -3.01633233218 -0.373924402107
184.3074459567654 -4.03899347519 6.00948747783 -3.11637570995 -0.822271084725
184.4675740592474 -2.93612051392 7.50958892004 -3.26064521159 -0.917472817491
184.6277021617294 -1.7037844303 7.70111687742 -3.38856206101 -0.602309700264
184.78783026421138 -0.52038522605 6.93463076786 -3.42325142645 0.280826009927
184.94795836669334 0.472885680777 5.34489926394 -3.26020283266 1.87078946602
185.10808646917533 1.16038970466 3.18997542874 -2.7969948322 3.95277435284
185.26821457165732 1.49648254639 1.07081619079 -2.00077420041 5.91733338832
185.42834267413932 1.53594870317 -0.454882842036 -0.936749890339 7.24776042085
185.5884707766213 1.38940971809 -1.26686351152 0.28264146844 7.87976809964
185.74859887910327 1.16020728896 -1.51270919808 1.55910518957 7.98758190527
185.90872698158526 0.932024728648 -1.24272533414 2.81583521635 7.62021105486
186.06885508406725 0.798511763581 -0.292652658921 3.96463468318 6.59887616794
186.22898318654924 0.882587785947 1.46979363807 4.88513411269 4.76950628895
186.38911128903123 1.29587296454 3.71197528847 5.46373054859 2.42654693699
186.5492393915132 2.05303577675 5.61408116792 5.67387553895 0.292783792986
186.7093674939952 3.03387198781 6.40677002963 5.5975367941 -1.11216801877
186.86949559647718 4.02271121132 5.66905261973 5.35602296559 -1.806367208
187.02962369895917 4.76110601183 3.29579126002 5.04328316427 -2.04303264398
187.18975180144116 5.01426629404 -0.247029594224 4.71518354648 -2.02668803392
187.34987990392312 4.68179737786 -3.79497046377 4.39865768413 -1.92759080126
187.51000800640512 3.85985172649 -6.23390985369 4.09335454801 -1.91084303819
187.6701361088871 2.76132306546 -7.2716058706 3.77599564866 -2.09344926211
187.8302642113691 1.58800784237 -7.24300456699 3.40795673414 -2.55564805726
187.9903923138511 0.476619121239 -6.55456513642 2.93981382294 -3.34667547377
188.15052041633308 -0.490443337009 -5.47653340787 2.32065075764 -4.42324219724
188.31064851881504 -1.26738852894 -4.21362286019 1.51743510485 -5.60600338565
188.47077662129703 -1.84068693072 -2.9641118864 0.532948866004 -6.64804246677
188.63090472377903 -2.22552946121 -1.87735230592 -0.594421012621 -7.37250855908
188.79103282626102 -2.45401063045 -1.01564017671 -1.80873960593 -7.73588466841
188.951160928743 -2.56399244457 -0.40315448314 -3.05394889399 -7.76127662218
189.11128903122497 -2.6003037143 -0.115935692128 -4.27505790032 -7.42129343543
189.27141713370696 -2.62698777515 -0.312847963211 -5.40407345529 -6.58205265943
189.43154523618895 -2.7333664794 -1.1151248315 -6.34830102771 -5.10093195156
189.59167333867094 -3.00768256643 -2.34239490075 -7.00755516896 -3.06900462494
189.75180144115294 -3.47390584872 -3.38428984623 -7.32476477926 -0.919108014204
189.9119295436349 -4.04174205415 -3.50732394234 -7.32198524422 0.866933464335
190.0720576461169 -4.52764688127 -2.35015797064 -7.0764320622 2.11425067058
190.23218574859888 -4.73865455439 -0.166726713941 -6.66770298534 2.93590249793
190.39231385108087 -4.5661127384 2.29465056908 -6.14874382048 3.52076416932
190.55244195356286 -4.03217512108 4.23979082695 -5.54460529922 4.02035265918
190.71257005604483 -3.25713552673 5.2870820766 -4.86060808903 4.52909862658
190.87269815852682 -2.38234860158 5.52852962403 -4.09160849501 5.08327434076
191.0328262610088 -1.51282495964 5.27742175662 -3.23112576164 5.6648665324
191.1929543634908 -0.702267950252 4.83418777483 -2.27884433694 6.21917933319
191.3530824659728 0.0356090238293 4.39194924507 -1.24417941942 6.68452502575
191.51321056845475 0.708868073759 4.03293271268 -0.145229716168 7.01682818193
191.67333867093674 1.33173887662 3.7577540955 0.994760302556 7.19512299859
191.83346677341873 1.9143134509 3.51948789148 2.15037800827 7.21078040551
191.99359487590073 2.45736175014 3.2530830041 3.29480169009 7.05256695051
192.15372297838272 2.95149116251 2.9007634686 4.39846531365 6.69630552487
192.31385108086468 3.38026381951 2.43614336736 5.42665071556 6.1020284742
192.47397918334667 3.72680505519 1.88175323121 6.33732613591 5.22040343346
192.63410728582866 3.98160728162 1.30313853698 7.0810362674 4.0127661793
192.79423538831065 4.14652061547 0.767054666519 7.60527801829 2.4864406541
192.95436349079264 4.230295647 0.285148903563 7.86487097419 0.729503463318
193.1144915932746 4.23765729192 -0.200756046101 7.83546263203 -1.09113301776
193.2746196957566 4.16183895034 -0.762301939799 7.52220553103 -2.78673324881
193.4347477982386 3.9888226362 -1.40904821669 6.95714240872 -4.22027559324
193.59487590072058 3.70964119496 -2.07254684657 6.187582422 -5.33854273349
193.75500400320257 3.32930104223 -2.65826074019 5.26368438544 -6.15339974926
193.91513210568453 2.86574173623 -3.10700831367 4.23093602455 -6.70565625553
194.07526020816653 2.34163513501 -3.41925210865 3.12784502908 -7.03855771342
194.23538831064852 1.77547701128 -3.64279806335 1.98670653204 -7.18528380635
194.3955164131305 1.17603686623 -3.84693901658 0.835573912067 -7.16563006847
194.5556445156125 0.540914000092 -4.09815297672 -0.299756274043 -6.9890121899
194.71577261809446 -0.141212537849 -4.43739265299 -1.39474249043 -6.66371839266
194.87590072057645 -0.884415842891 -4.85298765047 -2.42697161224 -6.21027324012
195.03602882305844 -1.694534414 -5.24831860789 -3.37898414713 -5.67053977341
195.19615692554044 -2.55328029802 -5.41632521819 -4.24143798495 -5.10131449061
195.35628502802243 -3.40086036014 -5.05440312644 -5.01375496163 -4.55033682838
195.5164131305044 -4.12812249665 -3.87942650643 -5.70034782637 -4.02815832173
195.67654123298638 -4.59784230674 -1.87072024911 -6.30312230153 -3.49137401291
195.83666933546837 -4.70616741393 0.51954305987 -6.81238223728 -2.83838689298
195.99679743795036 -4.45363987751 2.49900779148 -7.19760668134 -1.912070132
196.15692554043235 -3.96413364972 3.40547389752 -7.40045005796 -0.534242650519
196.31705364291435 -3.42864768012 3.10329196364 -7.34079353741 1.35492962695
196.4771817453963 -3.01142199282 2.04064259987 -6.95203122955 3.50584480855
196.6373098478783 -2.77663383691 0.941198127405 -6.23053679451 5.42778615559
196.7974379503603 -2.68370641826 0.318447784821 -5.24575067654 6.76318273945
196.95756605284228 -2.64371597436 0.267215728693 -4.09743338303 7.48905058024
197.11769415532427 -2.57534694723 0.643504940443 -2.87165084762 7.75731718563
197.27782225780624 -2.4227710264 1.30146504179 -1.63127669675 7.68131845638
197.43795036028823 -2.14693384679 2.17846071487 -0.429184878925 7.27584127739
197.59807846277022 -1.71451318832 3.25228662338 0.680295251935 6.52540963152
197.7582065652522 -1.09813260433 4.45867415031 1.64518991526 5.4905373076
197.9183346677342 -0.287089491134 5.65434669114 2.43308585818 4.35283493348
198.07846277021616 0.702103321543 6.65106409679 3.04614830225 3.34218091361
198.23859087269815 1.8211796428 7.23682876558 3.51871170923 2.61298473492
198.39871897518015 2.98198936415 7.10988201214 3.89967009402 2.19391759705
198.55884707766214 4.03740202818 5.84820410215 4.23514235441 2.03297180805
198.71897518014413 4.77908038469 3.19166898342 4.56012733323 2.04641984181
198.8791032826261 5.0075285936 -0.410002213127 4.89323665468 2.10908346925
199.03923138510808 4.66079105959 -3.77345897264 5.22936482644 2.05571648082
199.19935948759007 3.87005888971 -5.83488636438 5.53623019247 1.71252998122
199.35948759007206 2.88111839698 -6.24539902877 5.7503449663 0.852772273314
199.51961569255405 1.94960298272 -5.17331947641 5.76871045509 -0.756506065713
199.67974379503602 1.27684207474 -3.13119057173 5.47246782354 -3.01149373321
199.839871897518 0.953423219847 -0.962320232834 4.80320911562 -5.28488474836
200.0 0.934610171471 0.590747546052 3.81522256243 -6.91809947914
