0.0 1.0 0.0 -0.5 0.0
0.040032025620496396 0.997104574636 -0.144550941805 -0.497558282235 0.121900876368
0.08006405124099279 0.988443623687 -0.287838180974 -0.490254297081 0.242745372582
0.1200960768614892 0.974092480228 -0.428624875503 -0.478151038599 0.361498237616
0.16012810248198558 0.95417531999 -0.565726784315 -0.461352430885 0.477165612988
0.200160128102482 0.92886208828 -0.698034861574 -0.440000885013 0.588812842401
0.2401921537229784 0.898365334681 -0.824534123225 -0.414274817814 0.695579378696
0.28022417934347477 0.862936208497 -0.94431747067 -0.384385493251 0.796689762421
0.32025620496397117 0.822859680948 -1.05659559121 -0.350573251922 0.891461564643
0.3602882305844676 0.778450020799 -1.16069919149 -0.31310393322 0.97930733625
0.400320256204964 0.730045875565 -1.25607826084 -0.272264978664 1.05973427537
0.4403522818254604 0.678005613816 -1.34229596059 -0.228361729739 1.13233971118
0.4803843074459568 0.622703004779 -1.41901882622 -0.18171397757 1.19680373816
0.5204163330664532 0.564523215259 -1.48600506814 -0.132652752115 1.25288038336
0.5604483586869495 0.503859595425 -1.5430886711 -0.0815177062638 1.3003855465
0.600480384307446 0.441110825656 -1.59016591382 -0.0286547761071 1.33918684416
0.6405124099279423 0.376678760656 -1.62718018263 0.0255856347605 1.36919217356
0.6805444355484388 0.310966777255 -1.65410877795 0.0808500938423 1.39033987541
0.7205764611689351 0.244378690127 -1.67095137728 0.136783156445 1.40259025451
0.7606084867894315 0.177318033958 -1.67772101928 0.193028116529 1.40591909757
0.800640512409928 0.11018766377 -1.674438237 0.249227533234 1.40031370069
0.8406725380304243 0.0433895014877 -1.66112878647 0.305023667959 1.38577176883
0.8807045636509208 -0.0226756682718 -1.63782433738 0.360058911322 1.36230263889
0.9207365892714171 -0.0876085324955 -1.60456684106 0.413976340687 1.32993140694
0.9607686148919136 -0.151011778294 -1.56141585627 0.466420456915 1.28870536456
1.00080064051241 -0.212490977382 -1.50845837334 0.517038219231 1.23870234466
1.0408326661329064 -0.271655935759 -1.44582115333 0.56548048485 1.18004101038
1.0808646917534028 -0.328122559951 -1.37368427543 0.611403869316 1.11289198479
1.120896717373899 -0.381515263668 -1.29229513012 0.654473045846 1.03748920331
1.1609287429943955 -0.431469941208 -1.20198207923 0.694363504129 0.95414085148
1.200960768614892 -0.477637457843 -1.10316668309 0.730764719003 0.863238988542
1.2409927942353882 -0.519687588365 -0.996373546507 0.763383668218 0.765267086197
1.2810248198558847 -0.557313349931 -0.882236853177 0.791948652673 0.660804719712
1.3210568454763811 -0.590235299462 -0.761502696693 0.816213047457 0.550528743794
1.3610888710968776 -0.618206052289 -0.635026904324 0.835959215484 0.435210649614
1.4011208967173738 -0.641014604242 -0.503767969491 0.851002222602 0.31570984923
1.4411529223378703 -0.658490092444 -0.368775233282 0.861193047108 0.192963061879
1.4811849479583667 -0.670505426302 -0.231171151937 0.866421659943 0.0679687160633
1.521216973578863 -0.676979454923 -0.0921317802471 0.866618841387 -0.05822993225
1.5612489991993594 -0.677878810732 0.0471370745944 0.861757713717 -0.184565337732
1.601281024819856 -0.673218571278 0.185424663432 0.851854260782 -0.309966895098
1.6413130504403524 -0.663061940771 0.321540605193 0.836967009704 -0.43338253166
1.6813450760608486 -0.647519010442 0.454338339034 0.817195929036 -0.553798679891
1.721377101681345 -0.626744470077 0.58273854705 0.792680429354 -0.670260216326
1.7614091273018415 -0.600934588011 0.705745890693 0.763596747035 -0.781884730118
1.801441152922338 -0.570323553057 0.82246367297 0.730154778881 -0.887875071386
1.8414731785428342 -0.535179308611 0.932102996495 0.69259448194 -0.987527271151
1.8815052041633307 -0.495799144022 1.0339867848 0.651182059832 -1.08023416132
1.9215372297838271 -0.452505220649 1.12755020835 0.606206086669 -1.16548597976
1.9615692554043234 -0.405640171242 1.21233505859 0.557973678882 -1.24286590337
2.00160128102482 -0.355562856785 1.28798016896 0.506806789054 -1.31204225959
2.0416333066453163 -0.302644943788 1.35421232737 0.453039183817 -1.37276112556
2.0816653322658127 -0.247267472621 1.41083213813 0.3970134001 -1.42483466779
2.121697357886309 -0.189818185394 1.45770016177 0.33907833363 -1.46812968262
2.1617293835068057 -0.130689477762 1.49472356186 0.279587345443 -1.50255651281
2.2017614091273017 -0.0702767165415 1.52184329204 0.21889667034 -1.52805835202
2.241793434747798 -0.00897716542436 1.53902310756 0.15736433455 -1.54460202249
2.2818254603682946 0.052810787289 1.54624125861 0.0953493301263 -1.55217094187
2.321857485988791 0.114688079299 1.54348512229 0.0332110617674 -1.55076047064
2.3618895116092875 0.176255279239 1.53074864769 -0.0286910770999 -1.54037556423
2.401921537229784 0.237112855292 1.50803337682 -0.0899980874945 -1.52103134998
2.4419535628502804 0.296861559963 1.47535279779 -0.150351836108 -1.49275645033
2.4819855884707764 0.355103054333 1.43273969037 -0.209395710191 -1.45559874999
2.522017614091273 0.411440844005 1.38025578586 -0.266775504421 -1.40963303078
2.5620496397117694 0.465481645074 1.31800363527 -0.322140662733 -1.35497049221
2.602081665332266 0.516837363063 1.24614130377 -0.375146044931 -1.29177067822
2.6421136909527623 0.565127626647 1.16489636338 -0.42545410498 -1.22025271675
2.6821457165732587 0.609982718818 1.07457854701 -0.472737363968 -1.14070546744
2.722177742193755 0.651047200312 0.975593116607 -0.516681497074 -1.05349841612
2.762209767814251 0.687983943916 0.868450774691 -0.556988728367 -0.959089701357
2.8022417934347477 0.720478358033 0.75377462402 -0.593381377501 -0.858031757537
2.842273819055244 0.748243344477 0.632303376601 -0.625606016123 -0.750973914318
2.8823058446757406 0.771023663525 0.504889016171 -0.653437126769 -0.638660483257
2.922337870296237 0.788600181448 0.37248949294 -0.676680666663 -0.521924791796
2.9623698959167335 0.80079413544 0.236157721254 -0.695177655215 -0.401680181761
3.00240192153723 0.807470473483 0.0970235880442 -0.708806997111 -0.278905268124
3.042433947157726 0.80854065161 -0.0437252536463 -0.717487863089 -0.154628176793
3.0824659727782224 0.803964378813 -0.18486801291 -0.721181204759 -0.0299062797279
3.122497998398719 0.79375050459 -0.325175714719 -0.719890563088 0.0941944007739
3.1625300240192153 0.777956799072 -0.463437365086 -0.713661961541 0.216620874934
3.202562049639712 0.756688734938 -0.598484815308 -0.702582969605 0.336353899875
3.2425940752602083 0.73009730934 -0.72921546661 -0.686780964069 0.452427032525
3.2826261008807047 0.698376009783 -0.854611371252 -0.666420668138 0.563942836945
3.322658126501201 0.661757129899 -0.973754138291 -0.641701134415 0.670085748364
3.362690152121697 0.620507450158 -1.08583503881 -0.612852177605 0.770131107651
3.4027221777421937 0.574924056507 -1.19015944198 -0.580130894821 0.863449537915
3.44275420336269 0.525329463823 -1.28614730217 -0.543817578727 0.949508227668
3.4827862289831866 0.472067210014 -1.37332842835 -0.504211985014 1.02786787589
3.522818254603683 0.415497456178 -1.45133360755 -0.461629563231 1.09817627196
3.5628502802241795 0.355993609608 -1.5198843347 -0.416398521025 1.16016056244
3.602882305844676 0.293938361123 -1.57877796048 -0.368856334432 1.21361590521
3.642914331465172 0.229721173661 -1.62787364349 -0.319347450806 1.25839452052
3.6829463570856684 0.163736285898 -1.66707868728 -0.268221395873 1.2943949457
3.722978382706165 0.0963809211952 -1.69633483233 -0.215831018457 1.32155121101
3.7630104083266613 0.0280541265338 -1.71560653486 -0.162531241344 1.33982348575
3.803042433947158 -0.0408439246342 -1.72487174827 -0.108678185948 1.34919062557
3.8430744595676543 -0.109912342526 -1.72411559278 -0.0546285313347 1.34964495174
3.8831064851881507 -0.178749723167 -1.71332733858 -0.00073904797848 1.34118960629
3.9231385108086467 -0.246954316837 -1.69250078673 0.052633831691 1.32383855458
3.963170536429143 -0.314124288682 -1.6616382642 0.105134501663 1.29761941058
4.00320256204964 -0.379858169322 -1.620757152 0.156408809889 1.26257824132
4.0432345876701365 -0.443755639347 -1.5698998271 0.206104933039 1.21878703431
4.083266613290633 -0.505418778501 -1.50914628571 0.253874601018 1.16635325162
4.123298638911129 -0.564453851522 -1.43862812348 0.299374729187 1.10543042846
4.1633306645316255 -0.620473669524 -1.35854319551 0.342269487404 1.03622927772
4.2033626901521215 -0.673100536768 -1.26917023901 0.382232811638 0.959028732297
4.243394715772618 -0.721969764099 -1.17088250125 0.418951341858 0.874186170359
4.283426741393114 -0.766733690522 -1.064159241 0.45212773906 0.782145935108
4.323458767013611 -0.80706610707 -0.949594037449 0.481484297179 0.683445314442
4.363490792634107 -0.842666935747 -0.827899079073 0.506766732973 0.57871733416
4.403522818254603 -0.873266986517 -0.699904924004 0.527748014953 0.46868997939
4.4435548438751 -0.898632602753 -0.566554610937 0.54423207792 0.354180966623
4.483586869495596 -0.918569988283 -0.428892440595 0.556057263235 0.236088336101
4.523618895116093 -0.932928903673 -0.288048897711 0.563099245437 0.115378037174
4.563650920736589 -0.941605785427 -0.14522058477 0.565273480487 -0.00693237547632
4.603682946357086 -0.94454584506 -0.00164576845487 0.562536827627 -0.129793438064
4.643714971977582 -0.941744297372 0.141420942583 0.554888475202 -0.252144107448
4.683746997598078 -0.933246453673 0.282735360171 0.542369955552 -0.372933151595
4.723779023218575 -0.919146763395 0.421090051337 0.525064320186 -0.491140134769
4.763811048839071 -0.899586917783 0.555338602783 0.503094569173 -0.60579471258
4.803843074459568 -0.874752945128 0.684416572046 0.476621279288 -0.715993252036
4.843875100080064 -0.844871530852 0.807358223553 0.445839617584 -0.820912079119
4.883907125700561 -0.810205816236 0.923308410014 0.410975942994 -0.919816865605
4.923939151321057 -0.771050845122 1.03152924919 0.372284130394 -1.01206789106
4.963971176941553 -0.727728826967 1.13140159186 0.330041750007 -1.0971211879
5.00400320256205 -0.680584427346 1.22242189484 0.284546268736 -1.17452606725
5.044035228182546 -0.629980267665 1.30419471488 0.236111416519 -1.24391920908
5.084067253803043 -0.576292807708 1.37642200238 0.18506385373 -1.30501626039
5.124099279423539 -0.51990871601 1.43889004889 0.131740220746 -1.35760162612
5.164131305044036 -0.461221766017 1.49145520151 0.0764845979122 -1.40151733806
5.204163330664532 -0.400630275411 1.534029321 0.0196463875199 -1.43665177899
5.244195356285028 -0.338535213185 1.56656568945 -0.0384212875423 -1.46292884031
5.2842273819055245 -0.275338894124 1.58904658921 -0.0973627341678 -1.48029847479
5.324259407526021 -0.211443903047 1.60147331615 -0.156820672722 -1.4887292278
5.3642914331465175 -0.147252482937 1.60385858681 -0.216436872727 -1.48820274363
5.4043234587670135 -0.0831662336436 1.596222377 -0.275852567326 -1.47871106345
5.44435548438751 -0.0195858437951 1.57859068224 -0.334708862354 -1.46025627978
5.484387510008006 0.0430892097367 1.55099785901 -0.392647198853 -1.43285307448
5.524419535628502 0.104461085602 1.51349240144 -0.44930994295 -1.39653401415
5.564451561248999 0.164134295025 1.46614553905 -0.504341236801 -1.35135708789
5.604483586869495 0.221716825086 1.40906210112 -0.557388199181 -1.29741502136
5.644515612489992 0.276821740505 1.34239313021 -0.608102532396 -1.23484593014
5.684547638110488 0.329069308057 1.26634955448 -0.656142568607 -1.16384473523
5.724579663730985 0.378089668326 1.1812160063 -0.701175771332 -1.08467458324
5.764611689351481 0.42352604738 1.08736376624 -0.742881680731 -0.997677425461
5.804643714971977 0.465038455951 0.985261826478 -0.780955254399 -0.903282924865
5.844675740592474 0.50230777923 0.875485137316 -0.815110519118 -0.802014919034
5.88470776621297 0.535040124714 0.758719197213 -0.845084419612 -0.694494750234
5.924739791833467 0.56297126585 0.635760595066 -0.87064072734 -0.581441153223
5.964771817453963 0.585871044384 0.507512191422 -0.891573888382 -0.463665604442
6.00480384307446 0.603547430047 0.374972552687 -0.907712555612 -0.342062831741
6.044835868694956 0.615850010965 0.239223648486 -0.918922631281 -0.217599874426
6.084867894315452 0.62267308346 0.101411244683 -0.925109935637 -0.0912989905759
6.124899919935949 0.623957714188 -0.0372763643366 -0.92622199314 0.0357808081566
6.164931945556445 0.619693000803 -0.175632989118 -0.922249120704 0.1625650628
6.204963971176942 0.609916255747 -0.312459228608 -0.91322458609 0.287985190146
6.244995996797438 0.594712268003 -0.44658714238 -0.899223969581 0.410999806207
6.285028022417935 0.574211556103 -0.576903489275 -0.880363653076 0.530614855049
6.325060048038431 0.548587747885 -0.702369735272 -0.856798551087 0.645901023274
6.365092073658927 0.518054390926 -0.822037739425 -0.828719343636 0.756007505701
6.405124099279424 0.482860783035 -0.935063013281 -0.796348850397 0.860173808242
6.44515612489992 0.443287965181 -1.04070960589 -0.759938530432 0.95773439145
6.4851881505204165 0.39964419749 -1.13835296724 -0.719764515741 1.04812168476
6.5252201761409125 0.35226054642 -1.22747708851 -0.67612371806 1.13086421906
6.5652522017614094 0.301486688569 -1.30766764394 -0.629330095869 1.20558135204
6.6052842273819055 0.247686956043 -1.37860276088 -0.579711111087 1.27197594665
6.645316253002402 0.191236962497 -1.44003999285 -0.527604649251 1.32982374366
6.685348278622898 0.132520654052 -1.49180255769 -0.473356289837 1.37896203984
6.725380304243394 0.0719279775128 -1.53376647385 -0.417317093739 1.4192790099
6.765412329863891 0.00985299419837 -1.56584701668 -0.35984175536 1.45070232143
6.805444355484387 -0.0533074289501 -1.58798663967 -0.301287243204 1.4731888672
6.845476381104884 -0.117154480383 -1.60014544418 -0.242011825401 1.48671650435
6.88550840672538 -0.181288002751 -1.60229433523 -0.182374329406 1.49127791277
6.925540432345877 -0.245306816462 -1.59441098898 -0.12273364921 1.48687669695
6.965572457966373 -0.308808936025 -1.5764792706 -0.0634483650891 1.47352626309
7.005604483586869 -0.371391954524 -1.54849234583 -0.00487625343967 1.45125169079
7.045636509207366 -0.43265345535 -1.51045852229 0.0526261994921 1.42009380118
7.085668534827862 -0.492191790997 -1.46241009318 0.1087045517 1.38011570192
7.125700560448359 -0.549607274956 -1.40441499764 0.163007476192 1.33141160461
7.165732586068855 -0.604503877035 -1.33659019923 0.21518821185 1.27411708388
7.205764611689352 -0.656491475349 -1.25911609361 0.264906442377 1.20842022377
7.245796637309848 -0.705188679892 -1.17225102751 0.311830618897 1.13457291484
7.285828662930344 -0.750226220884 -1.07634499588 0.355640723054 1.05290155888
7.325860688550841 -0.791250886144 -0.971851632523 0.396031461153 0.963816472315
7.365892714171337 -0.82792984946 -0.859337151813 0.432715764123 0.867818922326
7.405924739791834 -0.859955297832 -0.739485589928 0.465428523594 0.765505265915
7.44595676541233 -0.887049178205 -0.613099503809 0.493930422516 0.657567516174
7.485988791032827 -0.908967873187 -0.481095650141 0.518011710386 0.54478994544
7.526020816653323 -0.92550659493 -0.344495466008 0.537495756196 0.428041570738
7.566052842273819 -0.936503213593 -0.204411074543 0.552242152125 0.308265082196
7.606084867894316 -0.941841855978 -0.0620242010316 0.562149645278 0.186460125371
7.646116893514812 -0.941454830296 0.0814346877367 0.56715772554 0.0636667167235
7.6861489191353085 -0.935324278834 0.224712941998 0.567248007547 -0.059055902744
7.7261809447558045 -0.923482485537 0.366561956351 0.562444535901 -0.180650217043
7.766212970376301 -0.906011184696 0.505763792617 0.552813292523 -0.300081769162
7.806244995996797 -0.883039847579 0.641155757045 0.538460882314 -0.416358943302
7.8462770216172935 -0.854743010214 0.771652647377 0.51953244654 -0.528550979526
7.88630904723779 -0.821336782886 0.896264445289 0.496208909482 -0.635802441606
7.926341072858286 -0.783074790782 1.01410929904 0.468703755777 -0.737344011017
7.966373098478783 -0.740243647837 1.1244215662 0.437259416777 -0.832499414563
8.00640512409928 -0.693158243783 1.226554211 0.402143484362 -0.920687912053
8.046437149719775 -0.642157035468 1.31997831077 0.363644913761 -1.00142450221
8.086469175340273 -0.587597373279 1.40427341932 0.322070208428 -1.07431291395
8.126501200960769 -0.52985141485 1.47911962878 0.277740068427 -1.13903990404
8.166533226581265 -0.469302346075 1.54428395248 0.230986246537 -1.19536505353
8.206565252201761 -0.406341173157 1.5996067661 0.182148839284 -1.24311056621
8.246597277822257 -0.341364070682 1.64498630878 0.131573993281 -1.28214952816
8.286629303442755 -0.274770383767 1.68036427134 0.0796121116729 -1.31239497725
8.326661329063251 -0.206961131506 1.70571298598 0.0266164370385 -1.33379019294
8.366693354683747 -0.138338015055 1.72102418082 -0.0270579808967 -1.3463002101
8.406725380304243 -0.069302858276 1.72630041487 -0.0810549919287 -1.34990541078
8.446757405924739 -0.000257203289471 1.72155038221 -0.135017943629 -1.34459814906
8.486789431545237 0.0683978121397 1.70678647106 -0.188590069794 -1.330381121
8.526821457165733 0.136261644665 1.68202647307 -0.241414943375 -1.30726898828
8.566853482786229 0.202934649232 1.64729847311 -0.293137029808 -1.27529246698
8.606885508406725 0.268018661291 1.60264901014 -0.343402472236 -1.23450493535
8.646917534027223 0.331117871751 1.54815297265 -0.391860086519 -1.18499032108
8.686949559647719 0.391840300243 1.48392738156 -0.438162889256 -1.1268742929
8.726981585268215 0.449799684848 1.4101445027 -0.481969897759 -1.06033421957
8.76701361088871 0.504618022468 1.3270468386 -0.522948471762 -0.985611086082
8.807045636509207 0.555928641568 1.23496078956 -0.560777055756 -0.903019977348
8.847077662129704 0.603379757413 1.13430927861 -0.595148294185 -0.812959683888
8.8871096877502 0.646638697024 1.02562178508 -0.625772664083 -0.71592008237
8.927141713370697 0.685396419298 0.909541573505 -0.652382325877 -0.612487204389
8.967173738991193 0.719371682827 0.786825924493 -0.674734603389 -0.503342684469
9.007205764611689 0.748315897185 0.658344774995 -0.692616055949 -0.389261755124
9.047237790232186 0.772017427485 0.525072790727 -0.705846035539 -0.271106007468
9.087269815852682 0.790305595913 0.38807721528 -0.714279976384 -0.149812747912
9.127301841473178 0.803053942485 0.248499120102 -0.717812041588 -0.0263790657951
9.167333867093674 0.810182897074 0.107533837164 -0.716377283319 0.098154711508
9.207365892714172 0.811661351798 -0.0335943393156 -0.709952867151 0.222726096959
9.247397918334668 0.807507410216 -0.173657093284 -0.698558621493 0.346271167193
9.287429943955164 0.797787980036 -0.311448297104 -0.682256623769 0.467746206083
9.32746196957566 0.78261740306 -0.445808490104 -0.661149995353 0.586147859744
9.367493995196156 0.762155109654 -0.575647319164 -0.635380892795 0.700531560174
9.407526020816654 0.736602495722 -0.699961764039 -0.605127863521 0.810026453612
9.44755804643715 0.706199083738 -0.817850514802 -0.570602613185 0.913847158001
9.487590072057646 0.671218400091 -0.92852291025 -0.532046545712 1.01130106172
9.527622097678142 0.631963166222 -1.03130372765 -0.489726733615 1.10179223395
9.567654123298638 0.588760905506 -1.12563178397 -0.443932239198 1.18482028983
9.607686148919136 0.541959406491 -1.21105505617 -0.394970310596 1.2599764352
9.647718174539632 0.491922502862 -1.28722190954 -0.343162836767 1.32693635364
9.687750200160128 0.439026309765 -1.35386944542 -0.288843172095 1.3854507729
9.727782225780624 0.383655868167 -1.41081040642 -0.232353291403 1.4353348747
9.767814251401122 0.326202461632 -1.45791889862 -0.174041488143 1.47645677388
9.807846277021618 0.267061374123 -1.495116311 -0.114260427968 1.50872617906
9.847878302642114 0.20663034784 -1.52235841313 -0.0533657654427 1.53208404697
9.88791032826261 0.145308406402 -1.53962454722 0.00828494792186 1.54649396337
9.927942353883106 0.0834950225515 -1.54690853429 0.070333081697 1.55193494233
9.967974379503604 0.0215898012474 -1.54421383441 0.132419337184 1.5483977316
10.0080064051241 -0.0400079672602 -1.53155037163 0.194184270032 1.53588247336
10.048038430744596 -0.100899547488 -1.50893571755 0.255268658476 1.51439999531
10.088070456365092 -0.160687099624 -1.47639882077 0.315313963116 1.48397496904
10.128102481985588 -0.218974316049 -1.43398764736 0.373963036748 1.44465259259
10.168134507606085 -0.275367393813 -1.3817790908 0.430861128194 1.39650692814
10.208166533226581 -0.329476225644 -1.31988919296 0.485657040644 1.33964924527
10.248198558847077 -0.380916410348 -1.24848829047 0.538005016881 1.27424090279
10.288230584467573 -0.429311836888 -1.16781546809 0.587567096208 1.20050530471
10.328262610088071 -0.474297236903 -1.0781889035 0.634015383045 1.11873620474
10.368294635708567 -0.515522095032 -0.980021751802 0.677035529908 1.02931102423
10.408326661329063 -0.552654699044 -0.873831487646 0.716330288606 0.932698408516
10.44835868694956 -0.585385971915 -0.76024376274 0.751622828684 0.829461082198
10.488390712570055 -0.613434153371 -0.639996816076 0.782660818267 0.720259385173
10.528422738190553 -0.636549437646 -0.513939051718 0.809220439333 0.605848971953
10.568454763811049 -0.654517628038 -0.383022914164 0.831109547112 0.487075454454
10.608486789431545 -0.667165007779 -0.248291608019 0.848171882179 0.364862960134
10.648518815052041 -0.674360941208 -0.11086400016 0.860289324071 0.240201254088
10.688550840672539 -0.676020895619 0.0280871517272 0.867384518405 0.114127179522
10.728582866293035 -0.672107919425 0.167357228398 0.869422179406 -0.0122941043305
10.768614891913531 -0.662633509307 0.305735244225 0.866409876947 -0.137990861493
10.808646917534027 -0.647657326918 0.442029052788 0.858397839874 -0.261906327759
10.848678943154523 -0.627286030364 0.575088670949 0.845477999429 -0.38301873133
10.88871096877502 -0.601671029636 0.703830323951 0.827782112864 -0.500362052685
10.928742994395517 -0.571005522623 0.827252803217 0.80547925336 -0.613040339151
10.968775020016013 -0.535520879957 0.944452699756 0.778772733043 -0.720241200509
11.008807045636509 -0.495482510883 1.05463368788 0.747896558764 -0.821244349105
11.048839071257005 -0.451185477647 1.15711067492 0.713111644184 -0.915425877788
11.088871096877503 -0.402950050082 1.25131068797 0.674701949968 -1.00225980477
11.128903122497999 -0.351117279951 1.33676658699 0.632970590027 -1.0813135955
11.168935148118495 -0.296044846234 1.41310861281 0.588236144883 -1.15224182684
11.20896717373899 -0.238103546316 1.48005426509 0.540829494184 -1.21477834619
11.248999199359488 -0.177673946993 1.53739473788 0.491090749766 -1.26872546079
11.289031224979984 -0.115143707347 1.58498066089 0.439366733785 -1.31394243041
11.32906325060048 -0.0509055416011 1.62270841444 0.386008979817 -1.35033428366
11.369095276220976 0.0146444079055 1.65050737413 0.331372069616 -1.37784124236
11.409127301841473 0.0811076344889 1.66832860384 0.275812438614 -1.39642920625
11.44915932746197 0.148083943924 1.67613626806 0.219687512218 -1.40608234197
11.489191353082466 0.215171899891 1.67390227906 0.163355049423 -1.4067981862
11.529223378702962 0.281969040517 1.66160357196 0.107172696509 -1.39858480212
11.569255404323458 0.348072089125 1.63922313028 0.0514975747928 -1.38146091271
11.609287429943954 0.413077277853 1.60675433489 -0.0033142026366 -1.35545864278
11.649319455564452 0.476580903323 1.56420854081 -0.0569081621205 -1.32062885043
11.689351481184948 0.538180244734 1.51162544487 -0.108932363229 -1.27704868383
11.729383506805444 0.597474944484 1.44908571936 -0.159038633374 -1.22483095771
11.76941553242594 0.654068968804 1.37672542845 -0.206884238469 -1.16413496465
11.809447558046438 0.707573011803 1.29475026735 -0.252133875798 -1.09517721653
11.849479583666934 0.757607682044 1.20345093049 -0.294462274921 -1.01824307061
11.88951160928743 0.803807146683 1.10321624167 -0.333557133259 -0.933696670627
11.929543634907926 0.845823290915 0.994544252052 -0.369122444969 -0.841989324666
11.969575660528422 0.883330185682 0.878049905986 -0.400882058254 -0.743665232898
12.00960768614892 0.916028966826 0.754468837036 -0.428583546878 -0.639364208297
12.049639711769416 0.94365269059 0.624656099614 -0.452002051811 -0.52982046325
12.089671737389912 0.96597105069 0.489579692693 -0.470944007522 -0.415857349271
12.129703763010408 0.982794347082 0.350308271095 -0.485250271111 -0.298377594185
12.169735788630904 0.993977469321 0.207994896807 -0.494799263324 -0.178350421032
12.209767814251402 0.999422812418 0.063855742497 -0.499509264622 -0.0567947551729
12.249799839871898 0.999082344454 -0.0808542390211 -0.499340044255 0.0652399323817
12.289831865492394 0.992958576846 -0.224867927336 -0.494293624459 0.186694564428
12.32986389111289 0.981104526067 -0.36693314166 -0.484414251808 0.306521780545
12.369895916733388 0.963622609725 -0.505838954243 -0.469787530232 0.423706644635
12.409927942353884 0.940662488915 -0.64043985612 -0.450538724279 0.537285681812
12.44995996797438 0.912417985823 -0.769676558499 -0.426830333277 0.646363298836
12.489991993594876 0.879123452985 -0.892591716935 -0.398859231432 0.750124242668
12.530024019215372 0.841049147286 -1.00834254592 -0.366853020219 0.847843666644
12.57005604483587 0.798496774081 -1.11620537091 -0.33106650816 0.938890887281
12.610088070456365 0.751794581978 -1.21557703099 -0.291777828927 1.02273072206
12.650120096076861 0.70129260907 -1.30597076658 -0.249284668814 1.09892052916
12.690152121697357 0.647358200438 -1.38700792213 -0.203900694205 1.16710400908
12.730184147317853 0.59037182008 -1.45840723228 -0.155952200533 1.22700313554
12.770216172938351 0.53072351309 -1.51997047443 -0.105775251206 1.27840729218
12.810248198558847 0.468809842726 -1.57156753159 -0.0537131762064 1.32116197472
12.850280224179343 0.405031468185 -1.61312235499 -0.000114557200508 1.35515822979
12.89031224979984 0.339791230668 -1.64459866989 0.0546684098185 1.38032194138
12.930344275420337 0.273492842456 -1.6659872472 0.110281099589 1.39660439149
12.970376301040833 0.206540032956 -1.67729588944 0.166367306164 1.40397498669
13.010408326661329 0.139335990305 -1.6785422626 0.222569884332 1.40241624508
13.050440352281825 0.0722830704914 -1.66974978133 0.278531205438 1.39192122476
13.090472377902321 0.00578262316951 -1.65094692552 0.333893548441 1.3724936655
13.130504403522819 -0.059765330645 -1.62217014991 0.388299636653 1.34415096012
13.170536429143315 -0.123962469599 -1.58346980164 0.441393239795 1.30692949064
13.210568454763811 -0.186412908272 -1.53491894303 0.49282008532 1.26089220761
13.250600480384307 -0.246724314374 -1.4766245619 0.5422290953 1.20613803829
13.290632506004805 -0.304509538588 -1.40874073713 0.589274057289 1.14281276726
13.3306645316253 -0.359388770341 -1.3314825183 0.633615718895 1.07112035164
13.370696557245797 -0.410992263786 -1.24513991333 0.674924347193 0.991334183283
13.410728582866293 -0.458963606679 -1.15009088937 0.712882721623 0.903807400706
13.450760608486789 -0.502963462673 -1.04681239042 0.747189497859 0.808981440985
13.490792634107287 -0.542673716206 -0.935888474409 0.777562881069 0.707392102312
13.530824659727783 -0.577801803825 -0.818014582817 0.803744421565 0.599672334072
13.570856685348279 -0.608085194989 -0.693997649457 0.825502907685 0.48655151378
13.610888710968775 -0.633296123763 -0.564751433127 0.842638446239 0.368850674037
13.65092073658927 -0.653245095302 -0.431285800199 0.854985448437 0.247472869733
13.690952762209768 -0.667784804153 -0.294692595031 0.862415974016 0.123390572301
13.730984787830264 -0.676813001585 -0.156126701208 0.864842146166 -0.00237082030812
13.77101681345076 -0.680274537971 -0.0167836224971 0.86221785527 -0.128752312189
13.811048839071256 -0.678162560289 0.122124651213 0.854539736639 -0.254682012464
13.851080864691754 -0.670518609517 0.259395132642 0.841847205466 -0.379096888171
13.89111289031225 -0.657431812008 0.393858548753 0.824221720824 -0.50096381688
13.931144915932746 -0.639037030867 0.524402413828 0.8017851635 -0.619299213397
13.971176941553242 -0.61551218645 0.64999104663 0.774697507262 -0.733186068183
14.011208967173738 -0.587074841235 0.769681602099 0.743153863335 -0.841787627475
14.051240992794236 -0.553978269547 0.882635429117 0.707381084371 -0.944357148816
14.091273018414732 -0.516506975161 0.988124708757 0.66763389087 -1.04024371246
14.131305044035228 -0.474972548495 1.08553391433 0.624191286028 -1.12889366786
14.171337069655724 -0.429708975011 1.17435701617 0.577352486213 -1.2098485502
14.21136909527622 -0.381068389152 1.25419052173 0.527433221059 -1.28273948556
14.251401120896718 -0.329417214041 1.32472345722 0.474762349057 -1.34727901863
14.291433146517214 -0.275132564508 1.38572449877 0.419678676704 -1.4032505411
14.33146517213771 -0.218599739477 1.43703010658 0.362528711826 -1.45049849465
14.371497197758206 -0.160209130883 1.47852792378 0.303663866246 -1.48891463198
14.411529223378704 -0.100354850199 1.51014491635 0.243439143981 -1.51842813156
14.4515612489992 -0.0394333436912 1.53183563009 0.182211800421 -1.53899577555
14.491593274619696 0.0221573009702 1.54357344539 0.120340592272 -1.55059456982
14.531625300240192 0.0840183541055 1.54534218814 0.0581847469537 -1.55321463953
14.571657325860688 0.145750515343 1.5371332731 -0.00389625910147 -1.54685663577
14.611689351481186 0.206954299036 1.51894474431 -0.0655431886758 -1.53153070636
14.651721377101682 0.267230314018 1.49078421495 -0.126397429417 -1.50725865694
14.691753402722178 0.326179756763 1.45267478236 -0.186101545991 -1.47407855787
14.731785428342674 0.383405204807 1.4046639158 -0.244300069043 -1.4320517953
14.77181745396317 0.438511809061 1.34683467162 -0.300640601226 -1.38127204394
14.811849479583667 0.491109014885 1.27931890807 -0.354775350461 -1.32187589133
14.851881505204164 0.54081260128 1.20231013318 -0.40636290531 -1.25405319976
14.89191353082466 0.587247761208 1.11607990641 -0.455070885145 -1.1780603576
14.931945556445156 0.630052229153 1.02098889001 -0.500578584104 -1.09422923647
14.971977582065653 0.668880181043 0.917499119054 -0.542580272434 -1.00297713493
15.01200960768615 0.703406460828 0.806182298405 -0.58078875138 -0.904813506702
15.052041633306645 0.733331081043 0.687724553188 -0.614939131762 -0.800343814324
15.092073658927141 0.758383819418 0.562926790287 -0.644792690392 -0.690269811887
15.132105684547637 0.77832876086 0.432700100713 -0.67014068127 -0.575385780883
15.172137710168135 0.792968508949 0.298055533947 -0.690807876431 -0.456570164693
15.212169735788631 0.802147908918 0.16009012573 -0.706655707147 -0.334774116046
15.252201761409127 0.805757130825 0.0199678398014 -0.717584880104 -0.211005857699
15.292233787029623 0.803733926962 -0.121102984354 -0.723537315191 -0.0863121367699
15.33226581265012 0.796064867784 -0.261894202648 -0.724497241787 0.0382420458462
15.372297838270617 0.78278566567 -0.401183966218 -0.720491541746 0.161595033253
15.412329863891113 0.763980387738 -0.537782173045 -0.711589170844 0.282709680115
15.452361889511609 0.739779710902 -0.670554308542 -0.697899781289 0.400593300714
15.492393915132105 0.710358271107 -0.798442347345 -0.67957158338 0.514315315542
15.532425940752603 0.675931238309 -0.920481637755 -0.656788549608 0.62302170858
15.572457966373099 0.636750313943 -1.03581311604 -0.629767118806 0.725945744801
15.612489991993595 0.59309934632 -1.14369049532 -0.598752557518 0.822414638043
15.652522017614091 0.545289757997 -1.24348238691 -0.564015135194 0.911852112348
15.692554043234587 0.49365600298 -1.3346693615 -0.525846287969 0.99377683424
15.732586068855085 0.438551142508 -1.41683867741 -0.484554860398 1.0677989256
15.77261809447558 0.380342857973 -1.48967180058 -0.44046364296 1.13361053218
15.812650120096077 0.319409820837 -1.55293241506 -0.393906195703 1.19097673978
15.852682145716573 0.256138819318 -1.60645344339 -0.345224263518 1.23972556397
15.89271417133707 0.190922168207 -1.6501221584 -0.294765391605 1.27973629089
15.932746196957567 0.124155818826 -1.68386574212 -0.242881096266 1.3109280801
15.972778222578063 0.0562380901067 -1.70763930724 -0.189925533304 1.33325044097
16.01281024819856 -0.0124313141444 -1.72141536675 -0.136254390562 1.3466747522
16.052842273819056 -0.0814517588902 -1.72517571702 -0.082224207103 1.35118763305
16.09287429943955 -0.150422049884 -1.71890775953 -0.0281917717657 1.34678780881
16.13290632506005 -0.218940540255 -1.70260261055 0.0254862660011 1.3334843012
16.172938350680546 -0.286605349767 -1.67625770731 0.0784538560021 1.31129816697
16.21297037630104 -0.353014708924 -1.63988220151 0.130356094822 1.28026640536
16.253002401921538 -0.417767580092 -1.59350549627 0.180839977241 1.24044832037
16.293034427542032 -0.480464687604 -1.53718869363 0.229555453788 1.19193415263
16.33306645316253 -0.540710054564 -1.47103804583 0.276156871483 1.13485526583
16.373098478783028 -0.598113102656 -1.39521946859 0.320304841787 1.06939514324
16.413130504403522 -0.652291338106 -1.30997331875 0.36166855253 0.995800562653
16.45316253002402 -0.702873617934 -1.21562858544 0.399928517495 0.91439227784
16.493194555644514 -0.749503955563 -1.11261546931 0.434779730108 0.82557440033
16.533226581265012 -0.79184578112 -1.00147525116 0.465935153631 0.729841620347
16.57325860688551 -0.829586528128 -0.882866521515 0.493129445997 0.627783539459
16.613290632506004 -0.862442381061 -0.757566974141 0.516122788582 0.520085501543
16.653322658126502 -0.890162992875 -0.62647041255 0.534704668654 0.407525651763
16.693354683746996 -0.912536018132 -0.490577296137 0.54869748751 0.290966918186
16.733386709367494 -0.929391075837 -0.350981891726 0.557959705714 0.171346349299
16.77341873498799 -0.940603169307 -0.208854268378 0.562388537187 0.04966042625
16.813450760608486 -0.946095267127 -0.0654173859849 0.561921958887 -0.0730534334433
16.853482786228984 -0.945839931032 0.0780777687773 0.556539956827 -0.195736855914
16.893514811849478 -0.939859948092 0.22037848312 0.546264973493 -0.317331559964
16.933546837469976 -0.928227803762 0.360257143205 0.531161427934 -0.436800744231
16.973578863090474 -0.911064225038 0.496536575247 0.511334496105 -0.55314924784
17.013610888710968 -0.888535710622 0.628112634288 0.48692808637 -0.665441480308
17.053642914331466 -0.860851161369 0.753972943273 0.458122101146 -0.772816261855
17.09367493995196 -0.828257901071 0.873211053265 0.425129216322 -0.874498017066
17.133706965572458 -0.791037260722 0.985035489695 0.38819131627 -0.969803912048
17.173738991192955 -0.74949988845 1.08877355458 0.347575712572 -1.05814684328
17.21377101681345 -0.703980996856 1.1838701211 0.303571313614 -1.13903447796
17.253803042433947 -0.654835748724 1.26988214852 0.256484903432 -1.21206493328
17.293835068054445 -0.602434949932 1.34646919783 0.206637662226 -1.27691932891
17.33386709367494 -0.547161192618 1.41338130434 0.154362039855 -1.333352295
17.373899119295437 -0.489405487669 1.47044518684 0.099999011569 -1.38118121403
17.41393114491593 -0.429564476804 1.51754969114 0.0438957848188 -1.42027491742
17.45396317053643 -0.368038205307 1.55463123505 -0.0135960594403 -1.45054244657
17.493995196156927 -0.305228592561 1.58166061117 -0.0721218882467 -1.47192297165
17.53402722177742 -0.241538281055 1.59863186626 -0.131325052352 -1.48437740978
17.57405924739792 -0.177369776811 1.60555350361 -0.190847708759 -1.4878819453
17.614091273018413 -0.113125054271 1.60244264336 -0.250331298224 -1.48242397487
17.65412329863891 -0.0492052938965 1.58932253761 -0.309416941255 -1.46800076333
17.69415532425941 0.0139893874581 1.56622356785 -0.367745866158 -1.44462090592
17.734187349879903 0.0760603040486 1.53318719021 -0.424959940069 -1.41230815845
17.7742193755004 0.136610761755 1.49027337435 -0.480702384662 -1.37110805991
17.814251401120895 0.195247005444 1.43757044459 -0.53461882638 -1.32109644775
17.854283426741393 0.251579558413 1.3752068841 -0.586358680099 -1.26238948558
17.89431545236189 0.30522515064 1.30336511049 -0.635577042033 -1.19515522363
17.934347477982385 0.355809119507 1.22229490311 -0.681936957648 -1.11962473132
17.974379503602883 0.402968344044 1.13232686148 -0.725112141693 -1.03610316296
18.014411529223377 0.446354776043 1.03388463989 -0.764790188698 -0.944979677909
18.054443554843875 0.485639356943 0.927494493768 -0.800676086904 -0.846735023594
18.094475580464373 0.52051622483 0.813791583769 -0.832495956769 -0.741946329918
18.134507606084867 0.550707079192 0.693522252743 -0.8600009009 -0.631288470322
18.174539631705365 0.575966054479 0.567542426975 -0.882971281053 -0.515532073291
18.21457165732586 0.596083306424 0.436809025466 -0.901219832587 -0.395535769931
18.254603682946357 0.610889210067 0.302368628671 -0.914595326703 -0.272236010454
18.294635708566855 0.620257557231 0.165340678122 -0.92298533871 -0.146632336706
18.33466773418735 0.624108090347 0.0268971579072 -0.926318440942 -0.0197697036316
18.374699759807847 0.622408155102 -0.111760644277 -0.924565629868 0.10728164887
18.414731785428344 0.615173297356 -0.249427173389 -0.917740840142 0.233447826938
18.45476381104884 0.602467041613 -0.384917273724 -0.905900752195 0.357672600961
18.494795836669336 0.584399530705 -0.517090334477 -0.889143614909 0.478938285686
18.53482786228983 0.561125314794 -0.644871779057 -0.867607331562 0.596284394161
18.57485988791033 0.532840306651 -0.767270958538 -0.841466819858 0.708823273662
18.614891913530826 0.499778216925 -0.883395483927 -0.810930915132 0.815752750822
18.65492393915132 0.462206317206 -0.992459648119 -0.776238677941 0.916363807773
18.694955964771818 0.420421125638 -1.0937887407 -0.737655618012 1.01004478945
18.734987990392312 0.374743954482 -1.18681836367 -0.695469777656 1.09628138214
18.77502001601281 0.32551657574 -1.27108944881 -0.649987893182 1.17465293664
18.815052041633308 0.273097164581 -1.34623971369 -0.601531770779 1.24482573905
18.855084067253802 0.217856647515 -1.41199230717 -0.550434985336 1.30654384047
18.8951160928743 0.160175539906 -1.46814278348 -0.497039977971 1.35961839111
18.935148118494794 0.100441283823 -1.51454562735 -0.441695566238 1.40391649763
18.975180144115292 0.0390462978589 -1.55109936933 -0.384755039382 1.43934875149
19.01521216973579 -0.0236136897869 -1.57773582998 -0.326574509407 1.4658601529
19.055244195356284 -0.0871406790444 -1.59440835589 -0.267511779178 1.48342001552
19.095276220976782 -0.151135099941 -1.60108375603 -0.207925509796 1.49201487208
19.135308246597276 -0.215196219797 -1.59773713099 -0.148174651137 1.49164367849
19.175340272217774 -0.278922448174 -1.58434964983 -0.088617978737 1.48231536612
19.21537229783827 -0.341911568227 -1.56090988615 -0.0296137171051 1.46404927661
19.255404323458766 -0.403761102753 -1.52741846727 0.0284809210931 1.43687828398
19.295436349079264 -0.464069009308 -1.48389578476 0.0853104355183 1.40085439955
19.33546837469976 -0.52243461354 -1.43039241469 0.14052190708 1.35605659352
19.375500400320256 -0.578460082009 -1.3670017181 0.193766279376 1.30260041772
19.415532425940754 -0.631752411542 -1.29387381214 0.244700036388 1.24064878187
19.455564451561248 -0.681925932988 -1.21123014118 0.292987278004 1.17042326501
19.495596477181746 -0.728605557263 -1.11937792388 0.338302372688 1.09221540849
19.535628502802243 -0.771430424735 -1.01872277529 0.38033292793 1.00639660034
19.575660528422738 -0.810058051629 -0.909779177428 0.418783149575 0.913426308036
19.615692554043235 -0.844168845121 -0.793177710128 0.453377491453 0.813857784249
19.65572457966373 -0.873470852833 -0.669667607498 0.483864490424 0.708340101385
19.695756605284227 -0.897704458512 -0.540114695617 0.510020559844 0.597616538291
19.735788630904725 -0.916646922817 -0.405494386333 0.531653660975 0.482519056343
19.77582065652522 -0.930116606559 -0.266879811175 0.5486067238 0.363958919615
19.815852682145717 -0.937976412051 -0.125422983198 0.560760449208 0.242911762326
19.85588470776621 -0.940136674677 0.0176646269018 0.568035673823 0.120402158861
19.89591673338671 -0.936556944233 0.161137793182 0.57039485316 -0.00251683339159
19.935948759007207 -0.927246897303 0.303743105126 0.567842851334 -0.124784081885
19.9759807846277 -0.912266092931 0.444246022703 0.56042680698 -0.245352037949
20.0160128102482 -0.891722704083 0.581456487401 0.5482351773 -0.363207320568
20.056044835868693 -0.865771264398 0.714252305032 0.531395988852 -0.477389609098
20.09607686148919 -0.834609526518 0.841598879644 0.51007436803 -0.587007714885
20.13610888710969 -0.798474609332 0.962564555127 0.484469489339 -0.691252235985
20.176140912730183 -0.757638819609 1.07633063791 0.454811246285 -0.789404024901
20.21617293835068 -0.712404706772 1.18219722492 0.421356290223 -0.880839426802
20.256204963971175 -0.663100556512 1.27958231122 0.384384393339 -0.965030143515
20.296236989591673 -0.610075647486 1.36801744168 0.344194600227 -1.04154041713
20.33626901521217 -0.553695874762 1.44713901127 0.301101645263 -1.11002074165
20.376301040832665 -0.494339798418 1.51667652966 0.255432681784 -1.17019915606
20.416333066453163 -0.432395110059 1.57643916853 0.207524323707 -1.22187115409
20.45636509207366 -0.368255834736 1.6263006341 0.157720239492 -1.26488822741
20.496397117694155 -0.302320031515 1.66618422745 0.106369125155 -1.29914652868
20.536429143314653 -0.234988052044 1.69604962808 0.0538231045765 -1.32457686148
20.576461168935147 -0.166661320402 1.71588072959 0.000436519470411 -1.34113546261
20.616493194555645 -0.0977415953873 1.72567577396 -0.0534349143796 -1.34879657657
20.656525220176142 -0.0286305445137 1.72544071572 -0.107434717264 -1.34754754821
20.696557245796637 0.0402704883613 1.71518579513 -0.161206115507 -1.33738641502
20.736589271417134 0.108560668056 1.69492555997 -0.214392485613 -1.31832220081
20.77662129703763 0.175839875001 1.66468221286 -0.266637826617 -1.29037779378
20.816653322658127 0.241709138944 1.62449228974 -0.317587420703 -1.25359541369
20.856685348278624 0.305771384261 1.57441603756 -0.366888741167 -1.2080441555
20.89671737389912 0.367632625383 1.51454944216 -0.414192729284 -1.15382956277
20.936749399519616 0.426903709322 1.44503798762 -0.459155504459 -1.09110448361
20.97678142514011 0.483202448414 1.36609019575 -0.501440356593 -1.02007966794
21.01681345076061 0.536156528133 1.27799269836 -0.540720380081 -0.94103545819
21.056845476381106 0.585406905515 1.18112341724 -0.576681466127 -0.854331867639
21.0968775020016 0.630611682522 1.07596266326 -0.609025654144 -0.760416890986
21.136909527622098 0.67145037853 0.963101269809 -0.637474779857 -0.659832339392
21.176941553242592 0.707628452602 0.843244796611 -0.661774294197 -0.553216443258
21.21697357886309 0.738881905229 0.717213161934 -0.681697113955 -0.441302725763
21.257005604483588 0.764981765126 0.585935277933 -0.697047346002 -0.32491482605
21.297037630104082 0.785738137891 0.450439141445 -0.707663623058 -0.204957689913
21.33706965572458 0.801004304756 0.311834953376 -0.71342245312 -0.0824030402138
21.377101681345078 0.810679130423 0.171297141628 -0.714240159183 0.0417257836773
21.417133706965572 0.814709453477 0.0300403912879 -0.710074787776 0.166373926134
21.45716573258607 0.813091112534 -0.110705071626 -0.700926885299 0.290475551506
21.497197758206564 0.805869064417 -0.249719463299 -0.686839520332 0.412975337605
21.537229783827062 0.793136458124 -0.38581876674 -0.667897444228 0.532849340488
21.57726180944756 0.775032768736 -0.517878064239 -0.644225478661 0.649124158715
21.617293835068054 0.751740912761 -0.644852867137 -0.61598606368 0.760894411062
21.65732586068855 0.723483776058 -0.765793980346 -0.583376333034 0.867334883269
21.697357886309046 0.690520123468 -0.879859715478 -0.546624677438 0.967710500923
21.737389911929544 0.653140143285 -0.986322168313 -0.505987012659 1.06138144612
21.77742193755004 0.611660860834 -1.0845684153 -0.46174294063 1.14780413534
21.817453963170536 0.56642159294 -1.17409914044 -0.414191943589 1.22653011027
21.857485988791034 0.517779457236 -1.25451786277 -0.363649622324 1.29719729148
21.897518014411528 0.466105540604 -1.32552327534 -0.310444469394 1.35952378659
21.937550040032026 0.41178132822 -1.38689550046 -0.25491485267 1.41329676599
21.977582065652523 0.35519570075 -1.43848297046 -0.197406457117 1.45836187753
22.017614091273018 0.296742468714 -1.48018755392 -0.138270161403 1.4946112636
22.057646116893515 0.236818553725 -1.51195116701 -0.0778604352045 1.5219728181
22.09767814251401 0.175822578791 -1.53374412611 -0.0165340598082 1.54040087293
22.137710168134507 0.11415396272 -1.54555502297 0.0453507445767 1.54986816768
22.177742193755005 0.0522123691874 -1.54738363663 0.107434912357 1.55036031203
22.2177742193755 -0.00960273443795 -1.53923741835 0.169359049492 1.54187317905
22.257806244995997 -0.0708922940891 -1.52113039569 0.23076377535 1.52441228702
22.29783827061649 -0.131257989611 -1.4930859362 0.291290161539 1.497995339
22.33787029623699 -0.190302694248 -1.45514232592 0.350580290876 1.46265702439
22.377902321857487 -0.247631344174 -1.40736256708 0.408278182603 1.4184574779
22.41793434747798 -0.302851953129 -1.34984350734 0.464030808267 1.36548965863
22.45796637309848 -0.35557738144 -1.28273010476 0.517489772058 1.30389149402
22.497998398718977 -0.40542734219 -1.20622762855 0.568313155016 1.23385585963
22.53803042433947 -0.452031353734 -1.12061780679 0.61616819371 1.15564415406
22.57806244995997 -0.495031999944 -1.02627072065 0.660734176037 1.06959596432
22.618094475580463 -0.534088499912 -0.923654562957 0.701705574873 0.976136946587
22.65812650120096 -0.56888098219 -0.813345091215 0.738795797513 0.875786597245
22.69815852682146 -0.599114997194 -0.6960297978 0.771741110234 0.769161461934
22.738190552441953 -0.624525536138 -0.57250771812 0.800304123613 0.656974739063
22.77822257806245 -0.644881920745 -0.443685284909 0.8242780274 0.540032513625
22.818254603682945 -0.659991658631 -0.310566673211 0.843489923011 0.419225416617
22.858286629303443 -0.669704387381 -0.174238286113 0.857804237558 0.295515330561
22.89831865492394 -0.673914442574 -0.0358513172795 0.867124954174 0.169920511789
22.938350680544435 -0.672563236724 0.103401298839 0.871397688759 0.0434959443927
22.978382706164933 -0.665640356836 0.242308503244 0.870610670388 -0.0826867941923
23.018414731785427 -0.653183760301 0.379666682718 0.864794951949 -0.207561373845
23.058446757405925 -0.635279018174 0.514304328578 0.854023808207 -0.330087842104
23.098478783026422 -0.612057666736 0.645105325088 0.838411370306 -0.449272683661
23.138510808646917 -0.583694347689 0.771029107743 0.818110206383 -0.564186338395
23.178542834267414 -0.550403728109 0.891126285932 0.793308709257 -0.673976945751
23.21857485988791 -0.512436257157 1.0045519143 0.764227469386 -0.777882275314
23.258606885508406 -0.470074120226 1.1105704416 0.731115786656 -0.875234596754
23.298638911128904 -0.423626696679 1.20855832622 0.694247734297 -0.965463704271
23.3386709367494 -0.373426122664 1.29800105343 0.653918277892 -1.04809520547
23.378702962369896 -0.319823067104 1.37848622458 0.61043954152 -1.12274548723
23.41873498799039 -0.263182803683 1.4496937217 0.564137296282 -1.18911417032
23.45876701361089 -0.203881777279 1.51138329357 0.515347833467 -1.24697430035
23.498799039231386 -0.142304712116 1.56337966857 0.464415262851 -1.2961603519
23.53883106485188 -0.0788422641897 1.60556024599 0.411689271435 -1.33655826198
23.578863090472378 -0.0138891707141 1.63784085378 0.357523269144 -1.36809368054
23.618895116092876 0.052157036678 1.66016378815 0.302273008832 -1.3907219774
23.65892714171337 0.11889685988 1.67248811889 0.246295592895 -1.40441997128
23.698959167333868 0.185929391973 1.67478269591 0.189948717191 -1.40917974107
23.738991192954362 0.252852599281 1.66702210352 0.133590160304 -1.40500473985
23.77902321857486 0.319263502563 1.64918607777 0.0775773802721 -1.39190864042
23.819055244195358 0.384758510803 1.62126264128 0.0222670172355 -1.36991713217
23.859087269815852 0.448933788291 1.58325391132 -0.0319855991834 -1.3390718373
23.89911929543635 0.511386014991 1.53518536021 -0.0848272304693 -1.29943698083
23.939151321056844 0.571713547067 1.47711750787 -0.135907800928 -1.25110800565
23.979183346677342 0.62951809374 1.40915957329 -0.184881852186 -1.19422177159
24.01921537229784 0.684406959813 1.3314841521 -0.231410420927 -1.12896760658
24.059247397918334 0.735995935703 1.24434231788 -0.275163408785 -1.0555987249
24.09927942353883 0.78391253276 1.14807686473 -0.315822200671 -0.974442257759
24.139311449159326 0.827800112699 1.04313556319 -0.353082982015 -0.885909284038
24.179343474779824 0.867322206259 0.930080082759 -0.386660181436 -0.790501541983
24.21937550040032 0.902167206733 0.80959163774 -0.416290200331 -0.688815595179
24.259407526020816 0.932053200125 0.682471962649 -0.44173523914 -0.581543372882
24.299439551641314 0.956732720186 0.549639189878 -0.4627870565 -0.469468749462
24.339471577261808 0.975997237022 0.412118430374 -0.47927051265 -0.35346000211
24.379503602882306 0.98968110174 0.271027600994 -0.491046680348 -0.234458572919
24.419535628502803 0.997665094076 0.12755711074 -0.498015641032 -0.113463032231
24.459567654123298 0.999878658653 -0.0170522538285 -0.500118247576 0.00848834317536
24.499599679743795 0.996301506153 -0.161535572229 -0.497337386355 0.130338220266
24.539631705364293 0.986964002659 -0.304630606468 -0.489698286552 0.251031305334
24.579663730984787 0.971946530811 -0.445104747802 -0.477268020388 0.369535545961
24.619695756605285 0.95137781563 -0.581780058647 -0.460154188438 0.484861849905
24.65972778222578 0.925432263468 -0.713556152884 -0.438502827485 0.596082129967
24.699759807846277 0.894326436045 -0.839428498133 -0.412495635334 0.702343782789
24.739791833466775 0.858314985129 -0.958501591383 -0.382346767166 0.802880176749
24.77982385908727 0.81768606929 -1.06999761992 -0.348299218916 0.897017631031
24.819855884707767 0.772756571755 -1.17325931886 -0.310621046026 0.984177882371
24.85988791032826 0.72386729712 -1.26774857746 -0.269601557364 1.06387724596
24.89991993594876 0.67137833045 -1.35303996755 -0.225547624129 1.13572183756
24.939951961569257 0.615664614441 -1.42880901867 -0.178780145495 1.19939872039
24.97998398718975 0.557112342615 -1.49482193188 -0.129631144508 1.25466818754
25.02001601281025 0.496115479143 -1.55092001669 -0.0784409444232 1.30135196631
25.060048038430743 0.43307306072 -1.59700483921 -0.0255559434887 1.33932201183
25.10008006405124 0.368387135497 -1.63302383568 0.0286731298019 1.36848971337
25.14011208967174 0.302461142759 -1.65895698257 0.0838926372358 1.38879594913
25.180144115292233 0.235698874146 -1.67480543861 0.139747015326 1.40020274257
25.22017614091273 0.168503809942 -1.68058296731 0.195879487328 1.40268713453
25.260208166533225 0.101278696132 -1.67631064438 0.251932618995 1.39623767151
25.300240192153723 0.0344253381599 -1.66201451253 0.307548720871 1.38085322501
25.34027221777422 -0.031655608526 -1.63772676063 0.362370271073 1.35654456653
25.380304243394715 -0.0965649750934 -1.60349027253 0.416040494278 1.32333866921
25.420336269015213 -0.159905641747 -1.55936628679 0.468204123297 1.2812853557
25.460368294635707 -0.221283512227 -1.50544506851 0.518508517253 1.23046644944
25.500400320256205 -0.280308837355 -1.44185751434 0.566605075726 1.17100518266
25.540432345876702 -0.336598205272 -1.36878944221 0.612151202305 1.10307803174
25.580464371497197 -0.38977676464 -1.28649391308 0.65481241767 1.02692455897
25.620496397117694 -0.439481539198 -1.1953075841 0.69426543983 0.942860814397
25.660528422738192 -0.485365081923 -1.09566254018 0.7302014962 0.851288550015
25.700560448358686 -0.5270990854 -0.988093351873 0.762329517863 0.752700164164
25.740592473979184 -0.564378835543 -0.873244769821 0.79038007203 0.64768451941
25.78062449959968 -0.596927813386 -0.751873661288 0.814109371749 0.536927728981
25.820656525220176 -0.624501752017 -0.624846312229 0.833302779308 0.421210141772
25.860688550840674 -0.646893215735 -0.493130994952 0.847778739967 0.301399274308
25.90072057646117 -0.663935478839 -0.357784745284 0.857392083365 0.178437996236
25.940752602081666 -0.67550557188 -0.219936965832 0.862036599666 0.0533301660323
25.98078462770216 -0.681526889844 -0.0807677475676 0.861647227781 -0.0728781404486
26.020816653322658 -0.68197066762 0.0585148988666 0.856201271556 -0.199118185634
26.060848678943156 -0.676856613575 0.196700622994 0.845718890852 -0.324320440422
26.10088070456365 -0.666252518121 0.332601652167 0.830262721276 -0.447435814298
26.140912730184148 -0.650272900529 0.465076935753 0.8099366746 -0.567456193705
26.180944755804642 -0.629076605251 0.593053636632 0.784883842257 -0.68343271346
26.22097678142514 -0.602863850987 0.715544647478 0.755283938914 -0.794490672168
26.261008807045638 -0.571872285501 0.831663487438 0.721349892455 -0.899842262137
26.301040832666132 -0.536372965359 0.940631561013 0.683324373506 -0.998792864645
26.34107285828663 -0.496665865992 1.04178269256 0.641475914211 -1.09074509233
26.381104883907124 -0.45307538629 1.13456203954 0.596095015589 -1.1751981139
26.421136909527622 -0.405946002803 1.21852070146 0.547490370099 -1.2517433754
26.46116893514812 -0.355638152913 1.2933076472 0.495985268753 -1.32005806609
26.501200960768614 -0.302524569685 1.35865732484 0.441914374078 -1.37989495202
26.54123298638911 -0.246987129417 1.414376951 0.38562091727 -1.431071913
26.58126501200961 -0.189414197837 1.46033264156 0.327454305755 -1.47346047315
26.621297037630104 -0.130198545641 1.49643574219 0.267768202442 -1.50697445461
26.6613290632506 -0.0697357890423 1.52263025351 0.206919041618 -1.53155949628
26.701361088871096 -0.00842332185614 1.53888220496 0.145264955549 -1.54718414191
26.741393114491594 0.0533403943881 1.54517158947 0.0831650030607 -1.55383301191
26.78142514011209 0.115156331183 1.54148682264 0.0209785771179 -1.55150203398
26.821457165732586 0.176624968982 1.52782327884 -0.0409348260902 -1.54019699518
26.861489191353083 0.237346928035 1.50418396543 -0.102216289426 -1.51993387918
26.901521216973578 0.296923112414 1.47058435034 -0.162507743868 -1.49074257233
26.941553242594075 0.354955431985 1.42705999554 -0.221452704566 -1.45267289698
26.981585268214573 0.411047788415 1.37367668133 -0.278697213094 -1.40580269404
27.021617293835067 0.464807498239 1.31054245339 -0.333891126371 -1.35024750135
27.061649319455565 0.515847288635 1.23782162002 -0.386689875697 -1.28617183422
27.10168134507606 0.563787826571 1.15574881931 -0.436756649578 -1.21380055516
27.141713370696557 0.608260818186 1.06464263044 -0.483765038736 -1.13342989441
27.181745396317055 0.648912457731 0.964917681476 -0.527401961179 -1.04543726321
27.22177742193755 0.685407874306 0.857095630549 -0.567371412288 -0.950290161858
27.261809447558047 0.717435322173 0.741810811525 -0.603397986796 -0.848550762373
27.30184147317854 0.744710612056 0.619812047447 -0.635230597969 -0.740877375461
27.34187349879904 0.766981841416 0.491961260193 -0.662646453584 -0.62802329391
27.381905524419537 0.78403377147 0.359225513908 -0.685454732342 -0.510830273035
27.42193755004003 0.795691787889 0.222664875853 -0.703499922474 -0.390218585533
27.46196957566053 0.801825276801 0.0834150632135 -0.71666468006 -0.267172779313
27.502001601281023 0.802350284218 -0.0573329734916 -0.724872098397 -0.14272488622
27.54203362690152 0.797231253014 -0.198357310026 -0.728087218594 -0.0179344306711
27.58206565252202 0.786481687018 -0.338430611265 -0.726317654251 0.106132713823
27.622097678142513 0.770163935602 -0.476345775798 -0.719613486737 0.228425614507
27.66212970376301 0.748387839692 -0.610940794901 -0.708066213884 0.347929032855
27.70216172938351 0.721308465494 -0.741120999825 -0.691806933408 0.463682141871
27.742193755004003 0.689123058018 -0.86587803559 -0.671003866953 0.574794656392
27.7822257806245 0.652067249277 -0.984304148191 -0.645859246466 0.680459225043
27.822257806244995 0.610410824337 -1.09560166488 -0.616605809848 0.779959955275
27.862289831865493 0.564453216609 -1.19908740307 -0.583503043395 0.872676835307
27.90232185748599 0.514518915222 -1.29419212458 -0.546833319089 0.958086125523
27.942353883106485 0.460952991328 -1.38045554587 -0.506898095933 1.03575710926
27.982385908726982 0.404116911532 -1.45751747633 -0.464014322152 1.10534564088
28.022417934347477 0.344384734891 -1.52510635689 -0.418511123182 1.16658551339
28.062449959967974 0.282139803307 -1.58302623837 -0.370726866527 1.21927846782
28.102481985588472 0.217772118916 -1.63114014094 -0.321006743383 1.26328113529
28.142514011208966 0.15167615944 -1.66935890291 -0.269700729439 1.298496364
28.182546036829464 0.0842492759625 -1.69762601348 -0.217161969577 1.32486113619
28.22257806244996 0.0158905954427 -1.71590667073 -0.163745581697 1.3423378083
28.262610088070456 -0.0529996346496 -1.72417906083 -0.10980781473 1.35090703789
28.302642113690954 -0.122020448942 -1.72242800237 -0.0557054118725 1.35056250433
28.34267413931145 -0.190770335316 -1.71064227237 -0.00179516959505 1.34130850417
28.382706164931946 -0.258847441329 -1.68881555928 0.0515665175872 1.32316039293
28.42273819055244 -0.32584980609 -1.65695037237 0.104024121757 1.29614731208
28.462770216172938 -0.391375887518 -1.61506547599 0.155223663542 1.2603176863
28.502802241793436 -0.455025381575 -1.56320604963 0.20481360853 1.21574684004
28.54283426741393 -0.516400518579 -1.50145612071 0.252446124838 1.16254638747
28.582866293034428 -0.575107903411 -1.42995267659 0.297778751686 1.10087491849
28.622898318654922 -0.630760925211 -1.34890048453 0.3404764991 1.03094921538
28.66293034427542 -0.682982775371 -1.25858679022 0.380214407505 0.953055344475
28.702962369895918 -0.731410018254 -1.15939477747 0.41668052332 0.867558744216
28.742994395516412 -0.775696678085 -1.05181472505 0.449579259178 0.774912471666
28.78302642113691 -0.81551869258 -0.93645185184 0.478635021114 0.675662820499
28.823058446757408 -0.850578597807 -0.814030179092 0.503595995573 0.57045178872
28.863090472377902 -0.880610251428 -0.685392025315 0.524237945816 0.460016106469
28.9031224979984 -0.905383578916 -0.551491993501 0.54036799972 0.345181925891
28.943154523618894 -0.924708718736 -0.413384135693 0.551827937591 0.226854172026
28.98318654923939 -0.938439764681 -0.272207273943 0.558497154459 0.106004462398
29.02321857485989 -0.94647776528 -0.129163949988 0.560295007539 -0.0163459356447
29.063250600480384 -0.948772789833 0.0145036853075 0.557182412877 -0.139145502585
29.10328262610088 -0.945324958502 0.157539949476 0.549162611855 -0.261333353859
29.143314651721376 -0.936184511445 0.298702263327 0.536281168641 -0.38186050163
29.183346677341873 -0.921450722679 0.436787333978 0.518625046781 -0.499710691288
29.22337870296237 -0.901269844236 0.570655101035 0.496320914948 -0.613919417211
29.263410728582866 -0.875832153057 0.699249381112 0.469532741037 -0.723590282376
29.303442754203363 -0.845368256813 0.82161424742 0.438458799442 -0.827907954745
29.343474779823858 -0.810144816962 0.936905340854 0.403328217792 -0.92614709565
29.383506805444355 -0.770459952462 1.04439608177 0.364397271907 -1.01767725258
29.423538831064853 -0.726638484853 1.14347869819 0.321945555986 -1.10196366103
29.463570856685347 -0.679027246526 1.23366048017 0.27627220283 -1.17856429246
29.503602882305845 -0.62799063159 1.31455592182 0.227692294808 -1.24712368249
29.54363490792634 -0.573906423524 1.3858768903 0.176533491767 -1.30736522984
29.583666933546837 -0.517162296901 1.44741666426 0.123133187207 -1.35907872628
29.623698959167335 -0.458152764879 1.49903816777 0.0678360099028 -1.4021112275
29.66373098478783 -0.397276715286 1.54065803093 0.0109917835633 -1.43635470255
29.703763010408327 -0.33493549168 1.5722334213 -0.0470460946327 -1.46173593825
29.743795036028825 -0.271531564339 1.59374949761 -0.105921823727 -1.47820701821
29.78382706164932 -0.207467618997 1.60520931836 -0.165278054261 -1.48573780286
29.823859087269817 -0.143145982265 1.60662683204 -0.224756498982 -1.48431091491
29.86389111289031 -0.0789682610628 1.59802287573 -0.283998395756 -1.47391917289
29.90392313851081 -0.0153351476857 1.57942436218 -0.342644863498 -1.45456560654
29.943955164131307 0.0473539597991 1.55086726261 -0.400337435264 -1.42626651819
29.9839871897518 0.108701354242 1.51240227325 -0.456718628991 -1.38905669204
30.0240192153723 0.168311790868 1.46410359898 -0.511432846209 -1.34299707994
30.064051240992793 0.225793649515 1.40608013641 -0.564127609614 -1.28818436598
30.10408326661329 0.280760575995 1.33848828344 -0.614455206796 -1.22476176859
30.14411529223379 0.332833656167 1.26154567042 -0.662074780694 -1.15293048953
30.184147317854283 0.381644143944 1.1755449086 -0.706654879543 -1.07296105835
30.22417934347478 0.426836723872 1.08086638292 -0.747876445489 -0.985203766651
30.264211369095275 0.468073250114 0.977989094884 -0.785436189002 -0.890097371031
30.304243394715773 0.505036876793 0.867498391161 -0.81905027299 -0.788175099084
30.34427542033627 0.537436372284 0.750090733 -0.848458135176 -0.680068122585
30.384307445956765 0.565010606937 0.626572866298 -0.873426427267 -0.566504267276
30.424339471577262 0.587532925063 0.497857873731 -0.893752841102 -0.448304089589
30.464371497197757 0.604815148383 0.36495317336 -0.909269584986 -0.326370159412
30.504403522818254 0.616711107815 0.228947833481 -0.919846459796 -0.201675789731
30.544435548438752 0.623119547429 0.0909928498481 -0.925393366758 -0.0752478439131
30.584467574059246 0.623986174062 -0.0477207153125 -0.925862079517 0.0518522384281
30.624499599679744 0.61930479148 -0.185986000876 -0.92124722181 0.1785494319
30.66453162530024 0.609117356592 -0.322605598983 -0.911586313345 0.303776934929
30.704563650920736 0.593513191364 -0.456415942003 -0.89695908675 0.426497251017
30.744595676541234 0.572627135196 -0.586310141815 -0.877485887659 0.545721971044
30.78462770216173 0.546636839287 -0.711257824672 -0.853325329963 0.66052903908
30.824659727782226 0.515759510296 -0.830320422327 -0.824671469055 0.770076176868
30.864691753402724 0.480247746993 -0.942663561958 -0.791750179343 0.873611933331
30.904723779023218 0.440385434974 -1.04756218252 -0.754815567324 0.97048052772
30.944755804643716 0.396483253152 -1.14440246516 -0.714146029663 1.06012405189
30.98478783026421 0.348874267583 -1.23267865833 -0.670040364096 1.14208032489
31.024819855884708 0.297909752712 -1.31198595257 -0.62281405092 1.21597737696
31.064851881505206 0.243955296108 -1.38201070843 -0.572795758109 1.28152565065
31.1048839071257 0.187387434541 -1.44251783418 -0.520324273881 1.33850770449
31.144915932746198 0.12859079115 -1.49333626895 -0.465745847337 1.38676623051
31.184947958366692 0.067955774827 -1.53434670053 -0.409412007085 1.42619385451
31.22497998398719 0.00587675288437 -1.56546774337 -0.351677763804 1.45672150235
31.265012009607688 -0.0572492177358 -1.58664422646 -0.292900288532 1.47830842742
31.305044035228182 -0.121023215561 -1.59783789735 -0.233437972141 1.49093413702
31.34507606084868 -0.185045028614 -1.59902080243 -0.173649709662 1.49459243375
31.385108086469174 -0.248913460871 -1.59017159266 -0.113894426092 1.48928779651
31.42514011208967 -0.312226555325 -1.57127527168 -0.0545306950704 1.47503453525
31.46517213771017 -0.374581981931 -1.54232656596 0.00408374940158 1.45185888693
31.505204163330664 -0.435577473313 -1.50333604863 0.0615925157463 1.41980332855
31.54523618895116 -0.494811645943 -1.45433939621 0.117641344331 1.37893345758
31.585268214571656 -0.551885242192 -1.39540917224 0.171879212258 1.32934694541
31.625300240192153 -0.606402867836 -1.3266682533 0.223959817681 1.27118385912
31.66533226581265 -0.657975294844 -1.24830429094 0.273543500493 1.20463787297
31.705364291433145 -0.706222339745 -1.16058424671 0.320299610599 1.1299676005
31.745396317053643 -0.750776330943 -1.06386798556 0.363909336324 1.04750723989
31.78542834267414 -0.791286062795 -0.958619853679 0.40406891486 0.957675670831
31.825460368294635 -0.827421157601 -0.845417347504 0.440493163603 0.860983288821
31.865492393915133 -0.858876706337 -0.724955933034 0.47291923158 0.75803582188
31.905524419535627 -0.88537801354 -0.59804928282 0.501110433813 0.649534537537
31.945556445156125 -0.906685256024 -0.465624498449 0.524860018388 0.536272485254
31.985588470776623 -0.922597835781 -0.328711917528 0.543994692336 0.419126442979
32.02562049639712 -0.93295823304 -0.188430164902 0.558377751998 0.299045075933
32.065652522017615 -0.937655156186 -0.0459665275129 0.567911655777 0.177033356476
32.10568454763811 -0.936625821317 0.0974463235864 0.572539905235 0.0541340444881
32.1457165732586 -0.929857257229 0.240556070713 0.572248149834 -0.0685928393671
32.1857485988791 -0.91738661516 0.382116546257 0.567064495778 -0.190090655723
32.2257806244996 -0.899300339761 0.520915130221 0.557058904545 -0.309328122851
32.2658126501201 -0.875732345638 0.655796685097 0.542341789826 -0.42531863243
32.305844675740595 -0.846861271652 0.785685293926 0.52306186892 -0.537137889168
32.34587670136109 -0.812906944303 0.909601601925 0.499403369386 -0.643938134172
32.38590872698158 -0.774126249382 1.02667540661 0.471582746202 -0.744958656733
32.42594075260208 -0.730808578449 1.13615306051 0.439845039877 -0.839532238816
32.46597277822258 -0.683271125076 1.23739976384 0.404460092124 -0.927087574548
32.506004803843076 -0.63185415418 1.32989682219 0.36571871515 -1.00714771559
32.546036829463574 -0.576916479546 1.41323465303 0.323929001332 -1.07932514558
32.586068855084065 -0.518831295189 1.48710234323 0.27941288887 -1.14331410693
32.62610088070456 -0.457982483328 1.55127470854 0.232503081393 -1.19888092408
32.66613290632506 -0.394761535015 1.60559777933 0.18354042833 -1.24585304542
32.70616493194556 -0.329564726184 1.64997447733 0.132871499102 -1.28410821957
32.746196957566056 -0.26279150491 1.68434941302 0.0808470721565 -1.31356289927
32.78622898318655 -0.194842867355 1.70869670704 0.0278206206014 -1.33416303676
32.826261008807045 -0.126120328017 1.72300823149 -0.0258527538538 -1.34587516944
32.86629303442754 -0.0570257274559 1.72728708421 -0.0798167535527 -1.34868157467
32.90632506004804 0.0120394871092 1.72154129156 -0.133714721795 -1.34257563592
32.94635708566854 0.0806742285753 1.70578281233 -0.187189917824 -1.32756131384
32.98638911128903 0.148477996107 1.68002930945 -0.239885998256 -1.30365478993
33.026421136909526 0.215051192936 1.64430937242 -0.291447580866 -1.27088879391
33.066453162530024 0.279995712377 1.59867075666 -0.34152102707 -1.22931926311
33.10648518815052 0.342915922586 1.54319134063 -0.389755546621 -1.17903408954
33.14651721377102 0.403420191233 1.47799230968 -0.435804733502 -1.12016354572
33.18654923939151 0.461122699944 1.40325112681 -0.479328302936 -1.05289047317
33.22658126501201 0.515646193074 1.31921723627 -0.519994609528 -0.977462504124
33.266613290632506 0.566625097465 1.22622607456 -0.557483429991 -0.89420285661
33.306645316253004 0.613709115121 1.12471040042 -0.59148907177 -0.803518876807
33.3466773418735 0.656567453862 1.01521028727 -0.621724009777 -0.705909384875
33.38670936749399 0.694893161826 0.898379221183 -0.647922565628 -0.601968844744
33.42674139311449 0.728407758784 0.774986348227 -0.66984479558 -0.492388359797
33.46677341873499 0.75686585139 0.645912646007 -0.687280324799 -0.377951739497
33.506805444355486 0.780059418333 0.512143116365 -0.700051890822 -0.259528368382
33.54683746997598 0.79782172203 0.374752956162 -0.708018544231 -0.138061217524
33.586869495596474 0.810030600545 0.23489092991 -0.71107832949 -0.0145526573021
33.62690152121697 0.816611029485 0.0937570338362 -0.70917033373 0.109954285915
33.66693354683747 0.817536558974 -0.047421922332 -0.702275804887 0.234396261466
33.70696557245797 0.812830022844 -0.187417619008 -0.69041866377 0.357710573494
33.746997598078465 0.802563003959 -0.325026383867 -0.673664985964 0.47885673863
33.787029623698956 0.786854376039 -0.459093508973 -0.652121725585 0.596836472238
33.827061649319454 0.765867865577 -0.588535461307 -0.625934633089 0.710711890096
33.86709367493995 0.739808859189 -0.712357691363 -0.595285557803 0.819620068257
33.90712570056045 0.708920490824 -0.829668619102 -0.560389159241 0.922784457961
33.94715772618095 0.673479386422 -0.939688213342 -0.521489342116 1.01952187478
33.98718975180144 0.633791192766 -1.04175161732 -0.478855515963 1.10924544989
34.027221777421936 0.590185819019 -1.13530825297 -0.432778615815 1.19146390338
34.06725380304243 0.543013012666 -1.21991618245 -0.383567399201 1.26577697045
34.10728582866293 0.492638189911 -1.29523301943 -0.331544948258 1.33186803933
34.14731785428343 0.43943874474 -1.36100430573 -0.277045561244 1.38949475022
34.18734987990392 0.383800625441 -1.41704964649 -0.220411852761 1.43847779919
34.22738190552442 0.326115586915 -1.46324816987 -0.161992401581 1.47868921934
34.267413931144915 0.266779509926 -1.49952574834 -0.102140275022 1.5100421181
34.30744595676541 0.206190463562 -1.52584149567 -0.0412113196781 1.53247987106
34.34747798238591 0.144747671775 -1.5421770499 0.0204368107912 1.54596759906
34.38751000800641 0.082850782115 -1.54852821734 0.0824453922783 1.55048559673
34.4275420336269 0.020899420428 -1.54489956478 0.144455143288 1.54602518611
34.4675740592474 -0.0407071056183 -1.53130225681 0.206106629325 1.53258723606
34.507606084867895 -0.101570068781 -1.50775510774 0.267040640788 1.51018329714
34.54763811048839 -0.161291721773 -1.47428903041 0.326898719572 1.47883955531
34.58767013610889 -0.219475931126 -1.43095477987 0.385323857344 1.43860341563
34.62770216172938 -0.275729155131 -1.37783261422 0.441961508138 1.3895516784
34.66773418734988 -0.329661832677 -1.31504428653 0.496460934353 1.33180057534
34.70776621297038 -0.38089032666 -1.24276662408 0.548477023908 1.26551708069
34.747798238590875 -0.429039459824 -1.16124563932 0.597672599263 1.19093060842
34.78783026421137 -0.473745500789 -1.07080953916 0.643721090098 1.10834374436
34.82786228983186 -0.514659476174 -0.971880185624 0.686309468989 1.01814165534
34.86789431545236 -0.551451766397 -0.864985149897 0.725142293848 0.920801915565
34.90792634107286 -0.58381583069 -0.750760936873 0.759944940251 0.81689699127
34.947958366693356 -0.611472874991 -0.629956489364 0.790467669133 0.707096899425
34.987990392313854 -0.634176296925 -0.503430572198 0.816489478295 0.592166743265
35.028022417934345 -0.651715973021 -0.372144441762 0.83782181137 0.47296029442
35.06805444355484 -0.663922131068 -0.237149394874 0.854311908949 0.35040928507
35.10808646917534 -0.670668581012 -0.0995695383813 0.865845609446 0.225508674411
35.14811849479584 -0.671875263246 0.0394183966567 0.87234956803 0.0992994233943
35.188150520416336 -0.667509880558 0.178608743708 0.873792693141 -0.027151702186
35.22818254603683 -0.657588579431 0.316791420531 0.870186772616 -0.152773070959
35.268214571657325 -0.642175604353 0.452777605232 0.861586221359 -0.276510151451
35.30824659727782 -0.621381958821 0.585423674568 0.848086977913 -0.397346090892
35.34827862289832 -0.595363171088 0.713652695791 0.829824628627 -0.514320310993
35.38831064851882 -0.564316214941 0.836472728028 0.806971798358 -0.626544511344
35.42834267413931 -0.528475884238 0.952990355282 0.779735056858 -0.733214718896
35.468374699759806 -0.488110590549 1.06241998338 0.74835131106 -0.833619862288
35.508406725380304 -0.443517885363 1.16408786228 0.713083932727 -0.927145946496
35.5484387510008 -0.395020143042 1.25743075694 0.674218993474 -1.01327571078
35.5884707766213 -0.342960130156 1.34199119881 0.632061370016 -1.09158544001
35.62850280224179 -0.287696951304 1.41740865666 0.586931135197 -1.16173828035
35.66853482786229 -0.229602401782 1.4834080476 0.539160263123 -1.22347524681
35.708566853482786 -0.169057720086 1.53978701594 0.489089651134 -1.27660510827
35.748598879103284 -0.106451139394 1.58640040589 0.437066773132 -1.32099174402
35.78863090472378 -0.0421757227593 1.62314820495 0.383443587486 -1.35654432002
35.82866293034427 0.023372125434 1.64996191687 0.328574981716 -1.38320595385
35.86869495596477 0.0897937239065 1.66679393433 0.272817580605 -1.40094473437
35.90872698158527 0.156688752343 1.67360930082 0.216528917728 -1.40974656832
35.948759007205766 0.223655653948 1.67038015654 0.160066816484 -1.40961010161
35.98879103282626 0.290291847346 1.65708374797 0.103788952183 -1.40054445011
36.028823058446754 0.356193950024 1.63370365329 0.0480524305549 -1.38256947922
36.06885508406725 0.420958148437 1.60023462614 -0.00678671994151 -1.35571894895
36.10888710968775 0.484180764292 1.55669035032 -0.0603741853963 -1.32004597846
36.14891913530825 0.545459214818 1.50311403782 -0.112358288715 -1.2756307872
36.188951160928745 0.604393439407 1.43959122332 -0.162391256056 -1.22259020412
36.228983186549236 0.660587890785 1.36626414875 -0.210130904735 -1.16108847098
36.269015212169734 0.713654100265 1.2833466584 -0.255242764153 -1.09134848892
36.30904723779023 0.763213837745 1.1911387771 -0.297402646398 -1.01366285988
36.34907926341073 0.808902849423 1.09003982124 -0.33629965453 -0.928403820251
36.38911128903123 0.85037502084 0.980559342166 -0.37163951284 -0.836031510036
36.42914331465172 0.88730694787 0.863324358006 -0.403148203961 -0.737099374952
36.469175340272216 0.919402759204 0.739082889177 -0.43057579297 -0.632256706084
36.50920736589271 0.946398938799 0.608701549154 -0.453700242783 -0.522246556581
36.54923939151321 0.968068912218 0.47315867347 -0.472331038765 -0.407900186817
36.58927141713371 0.98422737925 0.333533011763 -0.486312608159 -0.290128059026
36.62930344275421 0.994733840119 0.190984177658 -0.495527098736 -0.169904412742
36.6693354683747 0.99949556583 0.0467336614022 -0.49989672406 -0.0482522706323
36.709367493995195 0.998469561718 -0.0979612066426 -0.499385310209 0.0737770396489
36.74939951961569 0.991663367254 -0.241833673579 -0.493998930313 0.195124671016
36.78943154523619 0.979135025299 -0.38363448315 -0.48378588415 0.314745437482
36.82946357085669 0.960991781024 -0.522158256377 -0.468835678817 0.431628577912
36.86949559647718 0.937387856869 -0.656267299994 -0.449277281306 0.544816523019
36.90952762209768 0.908521315984 -0.784911895405 -0.42527665198 0.653420925172
36.949559647718175 0.874630213218 -0.907146135377 -0.397033714068 0.756635225408
36.98959167333867 0.835988203159 -1.02213864621 -0.364778890773 0.85374324214
37.02962369895917 0.792899830324 -1.12917802715 -0.328769385243 0.944123651182
37.06965572457966 0.745695703765 -1.22767309836 -0.289285360606 1.0272504302
37.10968775020016 0.694727778948 -1.31714820935 -0.246626192697 1.10268946683
37.14971977582066 0.640364831281 -1.39723553395 -0.201106864079 1.17009282998
37.189751801441155 0.582988425159 -1.46766275787 -0.153054728421 1.22918947769
37.22978382706165 0.522989322884 -1.52823855816 -0.102806606379 1.27977426547
37.26981585268214 0.460764592751 -1.57883932555 -0.0507064160621 1.32169795119
37.30984787830264 0.39671513562 -1.61939369097 0.00289688879457 1.35485552516
37.34987990392314 0.331243886936 -1.64986837565 0.0576508690973 1.37917561783
37.389911929543636 0.264754581351 -1.67025618619 0.113200731075 1.39461163464
37.429943955164134 0.197650868536 -1.68056615352 0.169190204367 1.40113459486
37.469975980784625 0.130335850274 -1.68081643821 0.225262113122 1.39872818404
37.51000800640512 0.063211798383 -1.67103058082 0.281058828895 1.38738645802
37.55004003202562 -0.00332009070069 -1.6512374986 0.336222725009 1.36711451711
37.59007205764612 -0.0688599208465 -1.62147435665 0.390396639676 1.33793143784
37.630104083266616 -0.133009548628 -1.58179290363 0.443224544706 1.29987591802
37.67013610888711 -0.195373336815 -1.53226855216 0.494352473131 1.25301404094
37.710168134507605 -0.255559331234 -1.47301196306 0.543429812535 1.19744896987
37.7502001601281 -0.313180921727 -1.40418212619 0.590110993687 1.13333172209
37.7902321857486 -0.367859068785 -1.32600045414 0.634057646295 1.06087263166
37.8302642113691 -0.419225093182 -1.23876470926 0.674941207609 0.980352530704
37.87029623698959 -0.466923968752 -1.1428617659 0.712445928984 0.892132839971
37.910328262610086 -0.510618155625 -1.0387784664 0.74627231256 0.796663955355
37.950360288230584 -0.549991593485 -0.927109251148 0.776140644381 0.694490902583
37.99039231385108 -0.584754358331 -0.808560564513 0.801795070669 0.586256170469
38.03042433947158 -0.614647198995 -0.683950447136 0.823007528684 0.472698545744
38.07045636509207 -0.639445551912 -0.554202200271 0.839581187581 0.354647073297
38.11048839071257 -0.658963823617 -0.420334790915 0.851354120358 0.233012214468
38.150520416333066 -0.673058891698 -0.283447430648 0.858202267813 0.108772241681
38.190552441953564 -0.681632905385 -0.14470018247 0.860041795995 -0.0170436116735
38.23058446757406 -0.684635310005 -0.00529175364954 0.856830781969 -0.143374296011
38.27061649319455 -0.682063909672 0.133565150232 0.848570071769 -0.269148042765
38.31064851881505 -0.673964909233 0.270669208487 0.835303267242 -0.39330400706
38.35068054443555 -0.660431962809 0.404855198499 0.817115867016 -0.514813291185
38.390712570056046 -0.641604271516 0.535016838342 0.794133599013 -0.632698354252
38.43074459567654 -0.61766378312 0.660126378895 0.766519989819 -0.746049668209
38.470776621297034 -0.58883177388 0.779250182745 0.734473408552 -0.854038995483
38.51080864691753 -0.555364708925 0.891559958779 0.698223492954 -0.955929030598
38.55084067253803 -0.517550157654 0.996338397539 0.658027622645 -1.05107833134
38.59087269815853 -0.475702130179 1.09298068633 0.614166887582 -1.13894282903
38.630904723779025 -0.430156620341 1.18099109351 0.566942224206 -1.21907319922
38.67093674939952 -0.381267398222 1.25997564929 0.516670751949 -1.2911089595
38.710968775020014 -0.329402142663 1.32963179894 0.463682385407 -1.35477002132
38.75100080064051 -0.274939103407 1.38973612638 0.40831688485 -1.40984660148
38.79103282626101 -0.218263999708 1.44013011063 0.350921085797 -1.45618747286
38.83106485188151 -0.15976765767 1.48070593261 0.291846746057 -1.49368820648
38.871096877502005 -0.0998446914468 1.51139473341 0.231449284631 -1.52228138654
38.911128903122496 -0.0388918225354 1.53215408664 0.17008618407 -1.54192616956
38.95116092874299 0.0226929037889 1.54295879526 0.108116160033 -1.5526005354
38.99119295436349 0.0845106653888 1.54379425631 0.0458985288535 -1.55429563052
39.03122497998399 0.146162193524 1.53465309842 -0.0162072374428 -1.54701278758
39.07125700560449 0.207248069597 1.51553472479 -0.0778419209671 -1.53076292561
39.11128903122498 0.267369030616 1.48644853086 -0.138646964983 -1.50556896016
39.151321056845475 0.326126489254 1.44742011246 -0.198265048149 -1.47147067296
39.19135308246597 0.38312334901 1.39850033338 -0.25634089218 -1.42853193283
39.23138510808647 0.437965253167 1.33977682788 -0.312522416359 -1.37684992593
39.27141713370697 0.490262316259 1.27138710032 -0.366462280935 -1.31656570895
39.31144915932746 0.539631428254 1.19353264492 -0.417819892781 -1.24787561735
39.35148118494796 0.585698828635 1.10649160746 -0.466263615318 -1.17104151574
39.391513210568455 0.628103969247 1.01063517564 -0.511474065731 -1.0864040775
39.43154523618895 0.666503028886 0.906435305531 -0.553147069212 -0.994389063893
39.47157726180945 0.700573283572 0.79447431045 -0.590997352062 -0.895515105168
39.51160928742994 0.730017583371 0.675449086726 -0.624762304941 -0.790397124649
39.55164131305044 0.754568994776 0.550170994862 -0.654205882193 -0.679746218793
39.59167333867094 0.773995293296 0.419560337186 -0.679122379021 -0.564365132059
39.631705364291435 0.788103130957 0.284636667674 -0.699339941308 -0.445140304106
39.67173738991193 0.796741670752 0.146503732178 -0.714723636582 -0.323029509275
39.71176941553242 0.799805605876 0.00632989972708 -0.725178022116 -0.199045768634
39.75180144115292 0.797237388007 -0.134674482094 -0.730649062606 -0.0742386900361
39.79183346677342 0.789028328983 -0.275281691972 -0.731125114873 0.0503258623823
39.831865492393916 0.775218801689 -0.414272747742 -0.726637169339 0.173587421189
39.871897518014414 0.755897438228 -0.550462934211 -0.717258260974 0.29451218439
39.911929543634905 0.731199136329 -0.68272506503 -0.703101875081 0.412112531757
39.9519615692554 0.701302206967 -0.810009713897 -0.684319629588 0.525464157753
39.9919935948759 0.666425531457 -0.931362640124 -0.661098984424 0.633720989916
40.0320256204964 0.626823960278 -1.04593583927 -0.633659416968 0.736124991414
40.072057646116896 0.582783865323 -1.15299419606 -0.602248722368 0.832012419582
40.11208967173739 0.534618856523 -1.25191729187 -0.567139425914 0.920816107693
40.152121697357884 0.482665246703 -1.3421962985 -0.528624945957 1.00206375682
40.19215372297838 0.427277512694 -1.4234269862 -0.487015716869 1.07537306707
40.23218574859888 0.368824405842 -1.49529923504 -0.442635816282 1.14044390311
40.27221777421938 0.307685414045 -1.55758427335 -0.395819849622 1.19704855114
40.31224979983987 0.244247838641 -1.61012071931 -0.346910315449 1.24502089052
40.352281825460366 0.178904229019 -1.65279936035 -0.296255223932 1.28424446466
40.392313851080864 0.112050740748 -1.68555015539 -0.244206479171 1.31464218638
40.43234587670136 0.044085466218 -1.70832820159 -0.191118188561 1.336165173
40.47237790232186 -0.0245915193856 -1.72110728883 -0.137346448343 1.34878738672
40.51240992794235 -0.0935796516218 -1.72386899611 -0.0832477676141 1.35249690194
40.55244195356285 -0.162477602385 -1.71660015476 -0.0291790080734 1.34729355161
40.592473979183346 -0.230883638685 -1.69929152593 0.0245032081823 1.33318758141
40.632506004803844 -0.298395762083 -1.67194053721 0.0774428913412 1.31020146032
40.67253803042434 -0.364612093856 -1.63455711797 0.129285260709 1.27837411106
40.71257005604484 -0.429131562673 -1.58717287708 0.179677541719 1.23776775666
40.75260208166533 -0.491554996149 -1.52985253867 0.228270069848 1.18847652192
40.79263410728583 -0.551486671496 -1.4627071326 0.274717730935 1.1306364081
40.832666132906326 -0.60853648468 -1.38590885105 0.318681881418 1.06443653772
40.87269815852682 -0.662322696188 -1.2997058966 0.359832699033 0.990130374811
40.91273018414732 -0.712475356916 -1.20443677984 0.397852052279 0.908046472228
40.95276220976781 -0.758639761683 -1.10054158587 0.432436356204 0.818596869334
40.99279423538831 -0.800481333606 -0.988573364986 0.463300568961 0.722285430602
41.03282626100881 -0.837690056872 -0.86920325153 0.490181778906 0.619711341858
41.072858286629305 -0.869984968738 -0.743220711998 0.51284280954 0.511568780852
41.1128903122498 -0.897119093263 -0.611530796244 0.531076180454 0.398644146308
41.152922337870294 -0.918883856192 -0.475144714582 0.544707615218 0.281808087866
41.19295436349079 -0.935113097041 -0.335166284602 0.553599219563 0.162004321014
41.23298638911129 -0.945686329925 -0.192772090137 0.557652041054 0.0402335289794
41.27301841473179 -0.9505313247 -0.0491901863722 0.55680808449 -0.0824638431256
41.313050440352285 -0.949625553872 0.0943262284885 0.551051408549 -0.205028675762
41.353082465972776 -0.942996760723 0.236524846547 0.540408524717 -0.326403986644
41.39311449159327 -0.930722345393 0.376181146319 0.524947850111 -0.445556344801
41.43314651721377 -0.91292775136 0.512123423851 0.504778366593 -0.561495758407
41.47317854283427 -0.889783890889 0.643255072804 0.480047516844 -0.673293338093
41.51321056845477 -0.861503759689 0.768572970122 0.450938458297 -0.780095846155
41.55324259407526 -0.828338400131 0.887181100829 0.417666801988 -0.881136458633
41.593274619695755 -0.790572431266 0.998299132279 0.380477009511 -0.975741525231
41.63330664531625 -0.748519380168 1.10126639997 0.339638633562 -1.06333370774
41.67333867093675 -0.70251672877 1.1955385144 0.295442334237 -1.14342929453
41.71337069655725 -0.652921604207 1.28068305817 0.248196402946 -1.21563483413
41.75340272217774 -0.600106344235 1.35636918108 0.198223185519 -1.27963897163
41.79343474779824 -0.544454689258 1.42235536867 0.145855997821 -1.33520289514
41.833466773418735 -0.486358506709 1.47847537788 0.0914364569504 -1.38214938897
41.87349879903923 -0.426215051254 1.52462365405 0.0353122258411 -1.42035152939
41.91353082465973 -0.364424828755 1.56074097999 -0.0221647728195 -1.44972163645
41.95356285028022 -0.301390015756 1.58680133548 -0.0806397175437 -1.47020124904
41.99359487590072 -0.237513345151 1.60280122894 -0.139755898216 -1.48175313043
42.03362690152122 -0.173197394891 1.60875041374 -0.199155421957 -1.48435443021
42.073658927141715 -0.10884416572 1.6046669917 -0.25847971689 -1.47799338793
42.11369095276221 -0.0448548151992 1.59057530502 -0.31736993534 -1.46266830612
42.1537229783827 0.0183706111664 1.56650698065 -0.375467385167 -1.43838906266
42.1937550040032 0.0804335525377 1.53250527696 -0.432414070519 -1.40518126843
42.2337870296237 0.140937529883 1.48863249716 -0.487853439019 -1.36309286737
42.273819055244196 0.19948910111 1.43498033186 -0.541431444483 -1.31220305173
42.313851080864694 0.255699278931 1.37168212402 -0.592798004009 -1.25263266097
42.353883106485185 0.309185469047 1.29892624011 -0.641608891928 -1.18455538427
42.39391513210568 0.359573951546 1.21696984548 -0.687528086136 -1.10820918015
42.43394715772618 0.406502903408 1.12615224244 -0.730230561225 -1.02390721194
42.47397918334668 0.449625928728 1.02690675685 -0.769405495717 -0.932047461667
42.514011208967176 0.488616020798 0.919770128231 -0.804759825279 -0.833120161711
42.55404323458767 0.523169836335 0.805388486313 -0.836022038174 -0.727712291834
42.594075260208164 0.553012127543 0.684519188909 -0.862946081223 -0.616508549013
42.63410728582866 0.577900160914 0.558028285435 -0.88531523245 -0.500288610203
42.67413931144916 0.597627923719 0.426882328038 -0.902945767064 -0.379919624097
42.71417133706966 0.612029923331 0.292135471233 -0.915690257009 -0.256344742138
42.754203362690156 0.620984327045 0.154913197014 -0.923440295988 -0.130568824584
42.794235388310646 0.624415463041 0.0163916168151 -0.926128660198 -0.00364043344683
42.834267413931144 0.622295366091 -0.122226464292 -0.923730638726 0.123368885083
42.87429943955164 0.614644289448 -0.259736399788 -0.91626447374 0.24938607583
42.91433146517214 0.601530364329 -0.394956297464 -0.903791063415 0.37335783069
42.95436349079264 0.583068167808 -0.526750918416 -0.886412720047 0.494271258275
42.99439551641313 0.559416430164 -0.654053080667 -0.864271183508 0.611172457766
43.034427542033626 0.530775057741 -0.775881783363 -0.837545039401 0.723182339879
43.074459567654124 0.497381062442 -0.891354037731 -0.806446180968 0.829507161276
43.11449159327462 0.459504834975 -0.999695054899 -0.771216556908 0.929447666733
43.15452361889512 0.417445494204 -1.10024093366 -0.732124103102 1.02240191751
43.19455564451561 0.371526543143 -1.19243784648 -0.68945891792 1.1078651451
43.23458767013611 0.32209153986 -1.2758366383 -0.643529427303 1.18542570373
43.274619695756606 0.26950003951 -1.35008385678 -0.594658756714 1.25475796962
43.3146517213771 0.214124022491 -1.41491020574 -0.543181498542 1.31561298747
43.3546837469976 0.156344822987 -1.47011775132 -0.489440892525 1.36780797978
43.39471577261809 0.0965505235083 -1.51556601966 -0.433786382942 1.41121482691
43.43474779823859 0.0351338725834 -1.55115815324 -0.376571607153 1.44574848286
43.47477982385909 -0.0275091725824 -1.57682863476 -0.318152917602 1.47135657662
43.514811849479585 -0.0909804675522 -1.5925330261 -0.258888279749 1.48801059384
43.55484387510008 -0.154880409628 -1.59823918896 -0.199136399294 1.49569814486
43.594875900720574 -0.218808245546 -1.5939232613 -0.139256264318 1.4944191482
43.63490792634107 -0.28236239747 -1.57956743731 -0.0796066582344 1.48418337736
43.67493995196157 -0.345140720956 -1.55516198387 -0.0205457379091 1.46501153708
43.71497197758207 -0.406740905077 -1.5207091355 0.0375693713641 1.43693757893
43.755004003202565 -0.466761105527 -1.47623205859 0.0943832847069 1.40001549574
43.795036028823056 -0.524801009961 -1.42178547315 0.149543345561 1.35432736785
43.83506805444355 -0.58046331039 -1.35746778278 0.2027008581 1.29999251955
43.87510008006405 -0.633355783338 -1.28343610835 0.253512889546 1.23717926623
43.91513210568455 -0.683093895769 -1.1999200793 0.301644385304 1.16611555429
43.95516413130505 -0.729303975691 -1.10723601396 0.346770772156 1.08710007154
43.99519615692554 -0.771627083455 -1.00580009983 0.388581120009 1.00051261765
44.035228182546035 -0.809722900025 -0.896137573459 0.426781290734 0.906821329704
44.07526020816653 -0.843274553067 -0.778890311508 0.461097845035 0.806588682259
44.11529223378703 -0.871993229894 -0.654818779379 0.491281772039 0.700473047298
44.15532425940753 -0.895622903465 -0.524799569959 0.51711231232 0.589226771071
44.19535628502802 -0.913944842577 -0.389817698748 0.538400610407 0.473690093612
44.23538831064852 -0.926781670485 -0.250954004054 0.554993009327 0.354781175919
44.275420336269015 -0.934000972262 -0.109367090094 0.566773990662 0.233481774514
44.31545236188951 -0.935517926734 0.0337281668872 0.573668337534 0.110820144941
44.35548438751001 -0.931297059312 0.177085496048 0.575642597532 -0.0121487862638
44.3955164131305 -0.921352959216 0.319453140166 0.572705718537 -0.134364130271
44.435548438751 -0.905749969857 0.459600866085 0.564908864165 -0.254780693641
44.4755804643715 -0.884600881184 0.596344563315 0.552344424262 -0.372388783817
44.515612489991994 -0.858064502523 0.728571223033 0.535144129492 -0.486234424762
44.55564451561249 -0.826342490184 0.855256292459 0.513476549275 -0.595433553928
44.59567654123298 -0.789675479173 0.975479435665 0.487544025465 -0.699185046035
44.63570856685348 -0.748338686395 1.08843414212 0.457579162452 -0.796778894076
44.67574059247398 -0.702637253005 1.19343187951 0.423841085611 -0.887600106117
44.715772618094476 -0.652901538196 1.2899031802 0.386611646332 -0.971130178541
44.755804643714974 -0.59948240171 1.37739025504 0.34619157498 -1.04694187657
44.79583666933547 -0.542746850032 1.45553866412 0.302896911062 -1.11469324683
44.83586869495596 -0.483074286384 1.52408611864 0.257055887277 -1.17411932032
44.87590072057646 -0.420852991068 1.58284842466 0.209005969026 -1.22502153194
44.91593274619696 -0.356477273536 1.63170427082 0.159091405498 -1.26725619888
44.955964771817456 -0.290345322943 1.67058080196 0.107661315394 -1.30072357742
44.995996797437954 -0.222857481097 1.6994400802 0.0550680863621 -1.32535756606
45.036028823058444 -0.154415124899 1.71826695536 0.00166624165391 -1.34111650153
45.07606084867894 -0.0854199526225 1.7270597721 -0.0521883862112 -1.34797616267
45.11609287429944 -0.0162735390113 1.72582434962 -0.106139286377 -1.34592532283
45.15612489991994 0.0526228491044 1.71457047082 -0.159829704514 -1.33496325652
45.196156925540436 0.120868418975 1.69331235161 -0.21290307401 -1.31510035418
45.236188951160926 0.188063093586 1.66207240092 -0.265003516776 -1.28636130873
45.276220976781424 0.253807991573 1.6208883883 -0.31577654717 -1.24879099916
45.31625300240192 0.317706168156 1.5698225661 -0.364869956944 -1.20246158485
45.35628502802242 0.379363865221 1.50897408267 -0.411935136149 -1.14748251375
45.39631705364292 0.438392254437 1.43849286495 -0.456628780955 -1.08401151772
45.43634907926341 0.494409831518 1.35859454941 -0.498615128389 -1.0122663084
45.476381104883906 0.547045210988 1.26957360302 -0.537568440595 -0.932534458566
45.516413130504404 0.595940603348 1.17181707686 -0.573176069206 -0.845184056274
45.5564451561249 0.640755746767 1.06581545108 -0.605141847821 -0.750671794637
45.5964771817454 0.681172150806 0.952170536975 -0.633189705868 -0.649548608896
45.63650920736589 0.716897794188 0.831599307836 -0.657067623944 -0.542461943382
45.67654123298639 0.747671853738 0.704933498635 -0.676551583695 -0.4301545879
45.716573258606886 0.773268735832 0.573112491308 -0.691448889074 -0.313458178381
45.75660528422738 0.793502535279 0.437173427438 -0.701601848569 -0.193284332369
45.79663730984788 0.808230522953 0.29823447591 -0.706890606361 -0.070610371296
45.83666933546837 0.817356072652 0.157475769191 -0.707235509719 0.0535367934269
45.87670136108887 0.82083062686 0.0161156037311 -0.702598660815 0.178100520953
45.91673338670937 0.818654754965 -0.124614579536 -0.692984718182 0.302015207316
45.956765412329865 0.810878150198 -0.263496347991 -0.678440817493 0.424227871487
45.99679743795036 0.797598600802 -0.399349529372 -0.659055648555 0.543718922361
46.036829463570854 0.778959978264 -0.53105546676 -0.634957724694 0.659521223469
46.07686148919135 0.755149365416 -0.6575770187 -0.60631294807 0.770736449099
46.11689351481185 0.726393454316 -0.777974292306 -0.573321578404 0.876547923187
46.15692554043235 0.692954448735 -0.891416004042 -0.536214797788 0.976229874273
46.196957566052845 0.655125542212 -0.997185138549 -0.495250929947 1.06915203577
46.236989591673336 0.613226280779 -1.09467972101 -0.450711565912 1.15478026852
46.27702161729383 0.567598087594 -1.18340956937 -0.4028978216 1.23267392817
46.31705364291433 0.518599888958 -1.26298863783 -0.352126676537 1.30247966022
46.35708566853483 0.466604163801 -1.33312425983 -0.298727656898 1.36392269838
46.39711769415533 0.411993445225 -1.39360429904 -0.243039882584 1.41679648559
46.43714971977582 0.355157376207 -1.44428313731 -0.185409562012 1.4609513796
46.477181745396315 0.29649033767 -1.48506761367 -0.126187947952 1.49628335035
46.51721377101681 0.236389613908 -1.51590338469 -0.0657297243515 1.52272304931
46.55724579663731 0.175254080813 -1.53676344054 -0.00439181078269 1.540226663
46.59727782225781 0.113483330222 -1.54763828228 0.057467486021 1.54876814718
46.6373098478783 0.0514770922345 -1.54852929268 0.119489088353 1.54833408595
46.6773418734988 -0.0103651195085 -1.53944504682 0.181313592714 1.53892096689
46.717373899119295 -0.0716442223643 -1.52040082023 0.242581612011 1.52053507817
46.75740592473979 -0.131961989891 -1.49142176397 0.302934302724 1.49319539971
46.79743795036029 -0.190921457871 -1.45254876882 0.362013887153 1.45693869389
46.83746997598078 -0.248127767123 -1.40384749595 0.419464545012 1.41182716719
46.87750200160128 -0.303189394059 -1.34541973227 0.474933634816 1.35795801378
46.91753402722178 -0.35571981295 -1.27741609823 0.52807327393 1.29547403158
46.957566052842274 -0.405339692879 -1.2000495194 0.578542359266 1.22457481222
46.99759807846277 -0.451679727693 -1.11360949067 0.626009127692 1.14552854567
47.03763010408327 -0.494383948712 -1.01847469044 0.67015410347 1.05868239798
47.07766212970376 -0.533113469694 -0.915123581751 0.710673399384 0.964471171668
47.11769415532426 -0.567550708246 -0.804142557943 0.747282413424 0.863423878033
47.157726180944756 -0.59740372796 -0.68622965826 0.779719609107 0.756166586692
47.197758206565254 -0.622411218386 -0.562196015786 0.807750844366 0.643423337153
47.23779023218575 -0.64234591796 -0.432956502503 0.83117231644 0.526008078507
47.27782225780624 -0.657019446991 -0.299523671412 0.84981476886 0.40481925383
47.31785428342674 -0.666285568952 -0.162990798131 0.863546302311 0.280825317477
47.35788630904724 -0.670043145459 -0.0245135547873 0.872274946887 0.155049064919
47.397918334667736 -0.668238199098 0.114712472881 0.875950464391 0.0285484508197
47.437950360288234 -0.660864963471 0.253476293752 0.874565288796 -0.0976043288085
47.477982385908724 -0.647966025466 0.390576611025 0.868154690599 -0.222344301084
47.51801441152922 -0.629631453951 0.524846575252 0.856796073288 -0.344634952231
47.55804643714972 -0.60599700601 0.65517673646 0.840607476483 -0.463488021204
47.59807846277022 -0.577241430466 0.780535054344 0.819745298512 -0.57798090038
47.638110488390716 -0.543582968836 0.899982670977 0.794401317621 -0.687270556117
47.678142514011206 -0.505275225274 1.01268454122 0.764799153103 -0.79060320126
47.718174539631704 -0.462603079151 1.11791602957 0.731190738068 -0.887320592262
47.7582065652522 -0.415878244435 1.21506428551 0.693852461502 -0.976861977986
47.7982385908727 -0.365434776013 1.30362506653 0.653081234088 -1.05876222653
47.8382706164932 -0.31162482194 1.38319531705 0.609190727765 -1.13264634999
47.87830264211369 -0.25481480828 1.45346284201 0.56250795116 -1.19822151783
47.918334667734186 -0.195382087681 1.51419372213 0.513370187634 -1.25526707751
47.958366693354684 -0.133712018867 1.56521873781 0.462122277066 -1.30362364244
47.99839871897518 -0.0701956512947 1.60641930754 0.409114386719 -1.34318162452
48.03843074459568 -0.00522793352835 1.6377139288 0.354700210461 -1.37387004157
48.07846277021617 0.0607933761816 1.65904656617 0.299235750886 -1.39564673916
48.11849479583667 0.127468582029 1.67037725907 0.243078293197 -1.40849035737
48.158526821457166 0.194396649091 1.67167530919 0.186585620575 -1.41239429736
48.19855884707766 0.261175447938 1.66291560315 0.130115536283 -1.40736310209
48.23859087269816 0.327401931525 1.64407863956 0.0740254714397 -1.39341177193
48.27862289831865 0.392672421378 1.61515328326 0.0186720278997 -1.37056725252
48.31865492393915 0.45658309141 1.57614333371 -0.035589603395 -1.33887295635
48.35868694955965 0.518730712915 1.52707711164 -0.0884064034235 -1.29839569145
48.398718975180145 0.578713848235 1.46801943745 -0.139428616095 -1.24923450976
48.43875100080064 0.636134617394 1.39908527907 -0.188311269544 -1.19153091204
48.478783026421134 0.690601005287 1.32045443704 -0.234716101914 -1.12547991386
48.51881505204163 0.741729743321 1.23238641861 -0.278313919666 -1.05134130494
48.55884707766213 0.789149774449 1.13523442888 -0.318787397826 -0.969450258602
48.59887910328263 0.832506255075 1.02945737481 -0.355834287971 -0.88022642383
48.638911128903125 0.871464985115 0.915628870126 -0.389170950144 -0.7841807055
48.678943154523616 0.905717118314 0.794442351927 -0.41853609397 -0.681919033909
48.71897518014411 0.934983965751 0.666711754638 -0.443694584145 -0.574142686003
48.75900720576461 0.959021814704 0.533367137312 -0.464441249661 -0.461644682343
48.79903923138511 0.977626331206 0.395442629728 -0.480604357717 -0.345300208384
48.83907125700561 0.99063642496 0.254064293062 -0.492048669619 -0.226056959932
48.8791032826261 0.997937589993 0.110428750955 -0.49867807181 -0.104918309181
48.919135308246595 0.9994642559 -0.0342197196699 -0.500437433061 0.0170747413729
48.95916733386709 0.995201190561 -0.178615224311 -0.4973137132 0.138864041486
48.99919935948759 0.985183803741 -0.321497330351 -0.489336207695 0.259395596511
49.03923138510809 0.969497412336 -0.461637838971 -0.476575975177 0.37764063658
49.079263410728586 0.948275412359 -0.597865962753 -0.459144404173 0.49261545214
49.11929543634908 0.921696637561 -0.729089673056 -0.437191138278 0.603398243763
49.159327461969575 0.889981619775 -0.85431540982 -0.4109011347 0.709144726333
49.19935948759007 0.853388555499 -0.97265916378 -0.380491486078 0.809096985458
49.23939151321057 0.812208678693 -1.08335526583 -0.346207769402 0.902590579295
49.27942353883107 0.766761450582 -1.18575876938 -0.30832024242 0.989056645643
49.31945556445156 0.717389782241 -1.27934280371 -0.267120054585 1.06802010709
49.35948759007206 0.664455380802 -1.36369295974 -0.22291554692 1.13909556922
49.399519615692554 0.608334499891 -1.43849493419 -0.176028848221 1.20197799446
49.43955164131305 0.549414148571 -1.5035227758 -0.126792823074 1.25643385525
49.47958366693355 0.488088883141 -1.55862436981 -0.0755484587074 1.30229016315
49.51961569255404 0.424758101185 -1.60370671006 -0.0226426286392 1.33942336725
49.55964771817454 0.359823990616 -1.63872102337 0.0315736492304 1.36774818466
49.599679743795036 0.293690038984 -1.66364970365 0.0867465347944 1.38720787758
49.639711769415534 0.226759993382 -1.67849540722 0.142520357829 1.39776625501
49.67974379503603 0.159437228563 -1.68327275912 0.198538310895 1.3994017728
49.71977582065652 0.0921244139594 -1.67800298044 0.25444293328 1.39210394906
49.75980784627702 0.0252232330405 -1.6627123313 0.309876581438 1.3758728014
49.79983987189752 -0.0408657849829 -1.63743345132 0.364481835696 1.35072057075
49.839871897518016 -0.10574361804 -1.60221027136 0.417902078036 1.31667623364
49.879903923138514 -0.169013394422 -1.55710632698 0.46978233177 1.27379279428
49.919935948759004 -0.230281310536 -1.50221461095 0.519770332038 1.22215541619
49.9599679743795 -0.289158104002 -1.43767053432 0.567518059996 1.16189227793
50.0 -0.34526086615 -1.36366437607 0.612683536357 1.09318456125
