0.0 0.5 0.0 2.25 0.0
0.020016012810248198 0.521877723794 2.17617454009 2.24602555043 -0.394385752748
0.040032025620496396 0.586567332026 4.2701023469 2.23441178592 -0.758862153834
0.0600480384307446 0.69197325115 6.23745648037 2.21601965825 -1.06751358378
0.08006405124099279 0.835150874459 8.03790983708 2.19220884753 -1.29653457983
0.100080064051241 1.01239702772 9.63621074922 2.16478907867 -1.42489342334
0.1200960768614892 1.21936249939 11.0031209122 2.13595786959 -1.43492039642
0.14011208967173738 1.45117871875 12.1161410687 2.1082290671 -1.31277420588
0.16012810248198558 1.70259907766 12.9600581738 2.08435203504 -1.04880668648
0.1801441152922338 1.96814826853 13.527273479 2.06722523343 -0.637799824327
0.200160128102482 2.2422761837 13.8179065298 2.0598062142 -0.0790711235295
0.2201761409127302 2.51951162389 13.8396823902 2.06502086986 0.62354971526
0.2401921537229784 2.79461155317 13.6076003104 2.08567444664 1.46187509165
0.2602081665332266 3.06270142924 13.1434072096 2.12436705583 2.42363219581
0.28022417934347477 3.31940413823 12.4748779118 2.18341515724 3.49285366052
0.300240192153723 3.56095141404 11.6349399698 2.26478277222 4.65036547235
0.32025620496397117 3.78427731475 10.6606597922 2.37002275623 5.87436235648
0.3402722177742194 3.98708996884 9.59212597026 2.50023050665 7.14105041413
0.3602882305844676 4.16792022233 8.47125212876 2.65601101106 8.42534416147
0.38030424339471575 4.32614560404 7.34059505199 2.83746052475 9.70156157222
0.400320256204964 4.46199292522 6.24204804178 3.04416044229 10.9441993556
0.42033626901521215 4.57650957165 5.21572227005 3.27519035503 12.1286055822
0.4403522818254604 4.67151916585 4.29878303971 3.52915022756 13.2316836023
0.46036829463570855 4.7495507568 3.52443881807 3.80419881335 14.2325128614
0.4803843074459568 4.81375103619 2.92103194499 4.09810252349 15.1129142374
0.500400320256205 4.86777887149 2.51129171907 4.40829540028 15.8579240591
0.5204163330664532 4.91568690133 2.31175297123 4.73194740666 16.4561735948
0.5404323458767014 4.9617932586 2.33236001076 5.06603929838 16.9001613217
0.5604483586869495 5.01054732617 2.57626273186 5.40744179767 17.18641282
0.5804643714971978 5.0663933495 3.03980491579 5.75299680784 17.3155271675
0.600480384307446 5.13363551106 3.71272513777 6.09959861971 17.2920966741
0.6204963971176941 5.2163095752 4.57851615795 6.4442718718 17.1245306177
0.6405124099279423 5.31806277584 5.61497659192 6.78424541148 16.8247624256
0.6605284227381906 5.44204679067 6.79491230274 7.11701902219 16.407864172
0.6805444355484388 5.59082582179 8.08697416852 7.44042176835 15.8915757278
0.7005604483586869 5.76630283943 9.45660058237 7.75266002332 15.2957664639
0.7205764611689351 5.96966533646 10.867042082 8.05235429216 14.6418425341
0.7405924739791834 6.20135228343 12.2804347006 8.33856369506 13.9521190818
0.7606084867894315 6.46104271122 13.6588891103 8.61079772565 13.2491767914
0.7806244995996797 6.74766602517 14.9655795072 8.86901515778 12.5552122842
0.800640512409928 7.05943357952 16.1657764024 9.11361015289 11.891415635
0.8206565252201762 7.39389143318 17.2277969004 9.34538550762 11.2773907179
0.8406725380304243 7.74798851887 18.1238903598 9.56551652288 10.7306094214
0.8606885508406725 8.11816432541 18.8309642267 9.7755026857 10.2659550664
0.8807045636509208 8.50044807481 19.3311935026 9.97711207838 9.8953315437
0.900720576461169 8.89056848402 19.6124664326 10.1723188603 9.62736657992
0.9207365892714171 9.2840713449 19.6686617071 10.3632354382 9.46721272341
0.9407526020816653 9.67644113431 19.4997461808 10.5520415191 9.4164536737
0.9607686148919136 10.063222255 19.111706724 10.7409126991 9.47310914352
0.9807846277021617 10.4401367502 18.5163095632 10.9319504282 9.63174310931
1.00080064051241 10.8031972976 17.7306988651 11.1271141025 9.88366881939
1.0208166533226581 11.1488091153 16.7768404642 11.3281590708 10.2172488973
1.0408326661329064 11.4738592703 15.6808569852 11.5365816336 10.6182635245
1.0608486789431546 11.7757933515 14.4722249038 11.7535709381 11.0703641982
1.0808646917534028 12.0526730157 13.1829080482 11.979971905 11.5555707181
1.1008807045636508 12.3032169076 11.846422568 12.2162576886 12.0548136339
1.120896717373899 12.526822137 10.4968719411 12.4625134912 12.548500073
1.1409127301841473 12.7235660485 9.16797862793 12.718431994 13.0170872306
1.1609287429943955 12.8941893732 7.89213731537 12.9833198604 13.4416484071
1.1809447558046438 13.0400602822 6.69951962864 13.2561157181 13.8044139938
1.200960768614892 13.1631218342 5.61725558928 13.5354182454 14.0892716875
1.2209767814251402 13.2658235127 4.66870726209 13.819524016 14.2822165654
1.2409927942353882 13.3510395041 3.87286365369 14.1064736496 14.3717330075
1.2610088070456364 13.4219762841 3.24386522924 14.3941047864 14.3491027579
1.2810248198558847 13.4820722661 2.79066838308 14.680110299 14.208632198
1.301040832666133 13.5348910693 2.51687912136 14.9621009379 13.9477810143
1.3210568454763811 13.5840148341 2.42072114615 15.2376684734 13.5672110702
1.3410728582866294 13.6329371873 2.4951663859 15.5044496818 13.0707389501
1.3610888710968776 13.6849608826 2.72821283539 15.7601881417 12.4651997093
1.3811048839071256 13.7431019462 3.10330108783 16.0027927281 11.76022642
1.4011208967173738 13.8100037273 3.59985508194 16.2303907345 10.967953123
1.421136909527622 13.8878627976 4.19393003988 16.4413744057 10.1026507316
1.4411529223378703 13.9783689974 4.85894617381 16.6344394384 9.18030794028
1.4611689351481185 14.0826603891 5.56649185668 16.8086149314 8.21816659651
1.4811849479583667 14.2012948873 6.28716603314 16.9632836228 7.23422896659
1.501200960768615 14.3342391764 6.99143959694 17.0981919656 6.24674875357
1.521216973578863 14.4808764919 7.65050522446 17.2134489905 5.27372352335
1.5412329863891112 14.6400261392 8.23710157763 17.3095181155 4.33239895803
1.5612489991993594 14.8099796078 8.72629465721 17.3871989563 3.43879375527
1.5812650120096077 14.9885625368 9.09615288128 17.4475934014 2.60728015313
1.601281024819856 15.1731980514 9.32834668471 17.4920705673 1.85020886479
1.6212970376301041 15.3609811029 9.40864157108 17.5222248036 1.17759408655
1.6413130504403524 15.5487655169 9.32725391034 17.5398256129 0.596876316023
1.6613290632506006 15.7332562724 9.07909410418 17.5467640097 0.112750522879
1.6813450760608486 15.9111042652 8.663858083 17.5449967837 -0.272916361205
1.7013610888710968 16.0790021075 8.08598702787 17.5364896033 -0.56109002452
1.721377101681345 16.2337772731 7.35449350502 17.5231611333 -0.755493281362
1.7413931144915933 16.3724805389 6.48266001929 17.5068294031 -0.862453478613
1.7614091273018415 16.4924683268 5.4876151309 17.4891612688 -0.890675463192
1.7814251401120897 16.5914744543 4.38980609478 17.4716277041 -0.850950046624
1.801441152922338 16.667669482 3.21239163467 17.4554660861 -0.755811456614
1.821457165732586 16.7197094262 1.98055512647 17.4416484283 -0.619144479824
1.8414731785428342 16.7467683733 0.720774437223 17.430858941 -0.455761194488
1.8614891913530824 16.7485569966 -0.539937845905 17.4234797895 -0.280956045486
1.8815052041633307 16.7253257773 -1.77479942375 17.4195858583 -0.110053373527
1.901521216973579 16.6778528584 -2.95800839232 17.418948644 0.0420406690348
1.9215372297838271 16.6074166558 -4.06545392083 17.421049304 0.161267220386
1.9415532425940754 16.5157558467 -5.07537116992 17.4250993773 0.234814379241
1.9615692554043234 16.4050163907 -5.96892188894 17.4300694581 0.25147652718
1.9815852682145716 16.2776879019 -6.73068434463 17.4347245169 0.20196293011
2.00160128102482 16.1365311465 -7.34903959147 17.4376648741 0.0791473968223
2.0216172938350683 15.9844990204 -7.81644544605 17.4373714697 -0.121746811938
2.0416333066453163 15.8246531813 -8.12959035096 17.4322541755 -0.403032089644
2.0616493194555643 15.6600788682 -8.28942628664 17.4207016579 -0.764512836357
2.0816653322658127 15.4938002347 -8.30107993328 17.4011314195 -1.20351420203
2.1016813450760607 15.3286986619 -8.17364646796 17.3720385438 -1.71498133001
2.121697357886309 15.1674363921 -7.91987189382 17.3320417391 -2.29164627551
2.141713370696557 15.0123872857 -7.55573968564 17.2799255501 -2.92425375214
2.1617293835068057 14.865577015 -7.09996670637 17.2146773528 -3.60184343117
2.1817453963170537 14.7286341207 -6.57342893551 17.1355182059 -4.3120770145
2.2017614091273017 14.6027529489 -5.99853517984 17.041926886 -5.04159958916
2.22177742193755 14.4886690652 -5.39856570748 16.9336566856 -5.77642538121
2.241793434747798 14.3866492442 -4.79699222301 16.8107436677 -6.50233876649
2.2618094475580466 14.2964940951 -4.21680174486 16.6735074331 -7.2052965905
2.2818254603682946 14.2175544896 -3.67984417664 16.5225436328 -7.8718203843
2.301841473178543 14.1487605403 -3.20622281324 16.3587088864 -8.48936669502
2.321857485988791 14.0886620575 -2.81373812277 16.1830987005 -9.0466690837
2.341873498799039 14.0354795134 -2.51740624476 15.9970188747 -9.5340387829
2.3618895116092875 13.9871642573 -2.32906820037 15.8019510727 -9.94361415627
2.3819055244195355 13.9414652038 -2.25708790902 15.5995142103 -10.2695592914
2.401921537229784 13.8960001411 -2.30615488211 15.3914226898 -10.5082017696
2.421937550040032 13.8483305733 -2.47719508224 15.1794421113 -10.6581072278
2.4419535628502804 13.7960371461 -2.7673920227 14.9653441948 -10.720088629
2.4619695756605284 13.7367933302 -3.1703112556 14.7508623167 -10.6971536387
2.4819855884707764 13.6684357877 -3.67612837943 14.5376485916 -10.5943895733
2.502001601281025 13.5890291156 -4.27195132187 14.3272338986 -10.4187907424
2.522017614091273 13.4969234125 -4.94222407055 14.1209918246 -10.1790353512
2.5420336269015213 13.3908027052 -5.66920455376 13.9201077118 -9.88521572653
2.5620496397117694 13.2697239124 -6.43349444312 13.7255530941 -9.54853496932
2.582065652522018 13.1331438377 -7.21461450146 13.538067027 -9.18097309267
2.602081665332266 12.9809351845 -7.99160095771 13.3581438258 -8.79493748754
2.622097678142514 12.8133887342 -8.74360764278 13.1860289635 -8.40290594856
2.6421136909527623 12.6312073839 -9.45049780345 13.0217198246 -8.01707346126
2.6621297037630103 12.4354875979 -10.093415491 12.8649739865 -7.64900745582
2.6821457165732587 12.2276847532 -10.6553055916 12.7153272334 -7.30932886482
2.7021617293835067 12.0095720704 -11.1213759094 12.5721156013 -7.00742571016
2.722177742193755 11.7831930175 -11.4794904819 12.4345015628 -6.75120560778
2.742193755004003 11.5508053964 -11.7204857429 12.3015054462 -6.54689164451
2.762209767814251 11.3148189946 -11.8383968915 12.1720410275 -6.39886967502
2.7822257806244997 11.0777294945 -11.8305960417 12.0449536975 -6.30958688437
2.8022417934347477 10.8420510239 -11.6978108988 11.9190599231 -6.2795208551
2.822257806244996 10.6102502389 -11.4440738316 11.7931860897 -6.30719037873
2.842273819055244 10.3846813849 -11.0765759798 11.6662071581 -6.38922290036
2.8622898318654926 10.1675250782 -10.6054212069 11.5370835366 -6.52048246866
2.8823058446757406 9.96073294409 -10.0433064828 11.4048947959 -6.6942430332
2.9023218574859886 9.76597979476 -9.40513105889 11.268869227 -6.90240617031
2.922337870296237 9.58462392236 -8.70755123277 11.1284088304 -7.1357534364
2.942353883106485 9.41767676581 -7.96848848393 10.983108965 -7.38422909238
2.9623698959167335 9.26578273697 -7.20660901834 10.8327721175 -7.63724272094
2.9823859087269815 9.12920969987 -6.44078859481 10.6774154468 -7.88398364539
3.00240192153723 9.00784963837 -5.68957892988 10.5172723095 -8.1137373439
3.022417934347478 8.90123079861 -4.97069035556 10.352786952 -8.31619551959
3.042433947157726 8.80853968086 -4.3005025458 10.1846032783 -8.48175234559
3.0624499599679744 8.72865158018 -3.69361819767 10.0135484023 -8.60177767499
3.0824659727782224 8.66017125963 -3.16248603709 9.84060994691 -8.6688520193
3.102481985588471 8.6014786657 -2.71707517038 9.66691016444 -8.67697250073
3.122497998398719 8.55078073909 -2.36462953517 9.49367614443 -8.62171301401
3.1425140112089673 8.50616807231 -2.10950255399 9.32220684558 -8.50033817649
3.1625300240192153 8.46567397176 -1.9530768107 9.15383837552 -8.3118675016
3.1825460368294634 8.42733379214 -1.89377272015 8.98990876285 -8.05708682375
3.202562049639712 8.38924345643 -1.92713601428 8.83172290376 -7.7385127024
3.22257806244996 8.34961546141 -2.04600611958 8.68051868055 -7.360308083
3.2425940752602083 8.30683070984 -2.24076396086 8.53743523851 -6.92814960616
3.2626100880704563 8.25948471644 -2.49964329048 8.40348434313 -6.44905558459
3.2826261008807047 8.20642694527 -2.8090999574 8.27952557482 -5.93117760485
3.3026421136909527 8.14679224673 -3.15422773129 8.16624601684 -5.38356221448
3.322658126501201 8.08002380308 -3.51920652475 8.06414484228 -4.81589092734
3.342674139311449 8.00588670826 -3.88777126878 7.97352336463 -4.23820526677
3.362690152121697 7.92447223458 -4.24368851121 7.89448057251 -3.66062453734
3.3827061649319456 7.83619218162 -4.5712258492 7.82691456649 -3.09306498882
3.4027221777421937 7.74176415898 -4.85559852015 7.77052945713 -2.54496992354
3.422738190552442 7.64218919625 -5.08338765011 7.72484692175 -2.02505441452
3.44275420336269 7.53872037393 -5.24291425279 7.68922325843 -1.54107370061
3.4627702161729386 7.43282427472 -5.32455322952 7.66287093637 -1.09962512707
3.4827862289831866 7.32613663261 -5.32098580349 7.64488383432 -0.705984959737
3.5028022417934346 7.22041552227 -5.22739296896 7.63426417834 -0.363979505547
3.522818254603683 7.11748947864 -5.0415634283 7.62995283395 -0.0759055343808
3.542834267413931 7.01920465163 -4.76393094598 7.6308604624 0.157507675209
3.5628502802241795 6.92737242289 -4.39753681082 7.63589871536 0.337091695848
3.5828662930344275 6.84371814789 -3.94791738397 7.6440110768 0.46518750963
3.602882305844676 6.76983270607 -3.42292143674 7.65420233841 0.545551575803
3.622898318654924 6.70712885349 -2.83246443466 7.66556549972 0.583223070343
3.642914331465172 6.65680264922 -2.18822778987 7.67730590112 0.584356988767
3.6629303442754204 6.61980145196 -1.50331010316 7.68876167672 0.556026843664
3.6829463570856684 6.59679954474 -0.791843016204 7.69941985005 0.506004140038
3.702962369895917 6.58818134968 -0.068583179396 7.70892804914 0.44252147231
3.722978382706165 6.59403312714 0.651509180405 7.71710126958 0.374025204668
3.7429943955164133 6.61414322365 1.35369279805 7.72392359789 0.308925013659
3.7630104083266613 6.64801059331 2.02385521872 7.72954500179 0.255348561195
3.7830264211369093 6.69486117662 2.64890059165 7.73427339525 0.220906976534
3.803042433947158 6.75367196887 3.21710365891 7.7385620301 0.212478169197
3.823058446757406 6.82320171589 3.71841931498 7.74299279868 0.236014585881
3.8430744595676543 6.90202705917 4.14474226267 7.74825612107 0.296379001096
3.8630904723779023 6.98858353204 4.49010744068 7.75512773312 0.397214048024
3.8831064851881507 7.08120990514 4.75082716829 7.7644432458 0.540848330004
3.9031224979983987 7.17819456501 4.92556220231 7.77707124219 0.728241157502
3.9231385108086467 7.27782285392 5.01532367346 7.79388553408 0.958968020718
3.943154523618895 7.37842355281 5.02341248794 7.81573767625 1.23124341207
3.963170536429143 7.47841278958 4.95528859738 7.84343072211 1.54198599957
3.9831865492393916 7.57633602393 4.81838837263 7.87769391524 1.88691515181
4.00320256204964 7.67090577529 4.62188154203 7.91915965864 2.26068454839
4.023218574859888 7.76103296991 4.37638400751 7.96834407531 2.65704380036
4.0432345876701365 7.84585242348 4.09363986918 8.02563091273 3.06902002585
4.0632506004803846 7.92474364097 3.78615026335 8.09125802251 3.48913234699
4.083266613290633 7.99734028114 3.4668176934 8.16531057565 3.90960042238
4.103282626100881 8.06353458761 3.14857968367 8.2477172207 4.32256076594
4.123298638911129 8.12347540867 2.84402579798 8.33824998016 4.72029478533
4.1433146517213775 8.17755718663 2.56504094941 8.43652957954 5.09544379559
4.1633306645316255 8.22640216507 2.32247816984 8.54203490381 5.44120848917
4.1833466773418735 8.27083717982 2.12585861348 8.65411576986 5.75153379353
4.2033626901521215 8.31186410533 1.98311544614 8.77200962547 6.02126949337
4.2233787029623695 8.35062588667 1.90038653736 8.8948610526 6.24630314395
4.243394715772618 8.38836904898 1.88186082783 9.0217435698 6.42366212706
4.263410728582866 8.42640360046 1.92968357915 9.15168321241 6.551581493
4.283426741393114 8.46606169272 2.04391801401 9.2836830736 6.62953867514
4.303442754203362 8.50865604353 2.22257049086 9.4167482409 6.65825054505
4.323458767013611 8.55543952891 2.46167240083 9.54991026942 6.63963644689
4.343474779823859 8.6075668884 2.75541637388 9.68225062357 6.57674837071
4.363490792634107 8.66605980954 3.09634606279 9.81292233588 6.47366833232
4.383506805444355 8.73177608174 3.47558761455 9.94116942685 6.33537982008
4.403522818254603 8.80538391592 3.88312074485 10.0663434293 6.16761422787
4.423538831064852 8.88734204014 4.30807885134 10.1879166132 5.97667836944
4.4435548438751 8.97788589398 4.7390687092 10.3054916831 5.76926859455
4.463570856685348 9.07702033721 5.16450185694 10.4188076684 5.55227607126
4.483586869495596 9.18451888468 5.57292741752 10.5277419608 5.33258931841
4.503602882305844 9.29993008881 5.95335776463 10.6323080928 5.11689890667
4.523618895116093 9.42258975921 6.29557676521 10.7326499947 4.91151080423
4.543634907926341 9.55163940542 6.59042130092 10.8290324602 4.72217377296
4.563650920736589 9.68604972328 6.83002991818 10.9218284952 4.55392480769
4.583666933546837 9.8246488463 7.00805189495 11.0115036862 4.41095668237
4.603682946357086 9.966154338 7.11981070557 11.098598169 4.29651147221
4.623698959167334 10.1092079202 7.16241764228 11.1837067749 4.21280285976
4.643714971977582 10.2524119508 7.13483273846 11.2674579244 4.16096920476
4.66373098478783 10.3943665664 7.03787511312 11.35049192 4.14105643389
4.683746997598078 10.5337065842 6.87417704948 11.433439148 4.15203438664
4.703763010408327 10.6691369136 6.64808915461 11.5168989575 4.19184261906
4.723779023218575 10.7994655938 6.3655375313 11.6014197443 4.25746536754
4.743795036028823 10.923633537 6.03383810684 11.687480802 4.34503288537
4.763811048839071 11.0407401676 5.66147387167 11.7754764429 4.44994597161
4.783827061649319 11.150064233 5.25784173653 11.8657028433 4.5670199194
4.803843074459568 11.2510795448 4.83297784897 11.9583477929 4.69064270741
4.823859087269816 11.3434647361 4.39726647628 12.053483905 4.81494466568
4.843875100080064 11.4271073103 3.9611440278 12.1510651769 4.93397266916
4.863891112890312 11.5021010177 3.53480659778 12.2509274974 5.04186416131
4.883907125700561 11.5687401539 3.1279241114 12.3527909985 5.13301814445
4.903923138510809 11.6275053334 2.74937577898 12.4562675187 5.20225597566
4.923939151321057 11.6790439882 2.40701238983 12.5608712853 5.24496774994
4.943955164131305 11.7241484596 2.10745138519 12.6660311469 5.25723992019
4.963971176941553 11.7637299844 1.85591015563 12.7711053768 5.23596140926
4.983987189751802 11.7987893763 1.65607549798 12.87539857 5.17890921006
5.00400320256205 11.8303851112 1.51002347192 12.9781802676 5.08480481611
5.024019215372298 11.8596007299 1.41818712398 13.0787041719 4.95334243524
5.044035228182546 11.8875121049 1.37936764355 13.1762276092 4.78519146061
5.064051240992794 11.9151552525 1.39079433568 13.270030859 4.58196980658
5.084067253803043 11.943495839 1.44822867798 13.3594356531 4.34619058759
5.104083266613291 11.9734011137 1.54610681037 13.4438223875 4.08118528311
5.124099279423539 12.0056151848 1.67772030314 13.5226455059 3.79100321632
5.144115292233787 12.0407382276 1.8354264285 13.5954466697 3.48029238505
5.164131305044036 12.0792099311 2.01088120146 13.6618655097 3.1541655545
5.184147317854284 12.1212980519 2.19529120458 13.7216474256 2.81805372624
5.204163330664532 12.1670921981 2.37967414491 13.7746483234 2.47755291561
5.22417934347478 12.2165022647 2.55512104242 13.8208366038 2.1382686189
5.244195356285028 12.2692626762 2.71305366731 13.8602916914 1.80566142593
5.2642113690952765 12.3249415927 2.84546989554 13.8931995752 1.4848983734
5.2842273819055245 12.3829547035 2.9451685536 13.9198455477 1.18071515071
5.3042433947157726 12.4425832734 3.00594820876 13.940604319 0.897292546032
5.324259407526021 12.5029957198 3.02277727124 13.9559279229 0.638148904887
5.3442754203362695 12.5632728342 2.99192391733 13.966331298 0.406055389411
5.3642914331465175 12.6224344999 2.91105208342 13.9723768435 0.202970948914
5.3843074459567655 12.6794682108 2.77927635056 13.9746577375 0.030001175908
5.4043234587670135 12.7333584304 2.59717012017 13.9737805634 -0.112615349557
5.4243394715772615 12.783115466 2.36673744413 13.9703480714 -0.225498997787
5.44435548438751 12.8278034462 2.09134210294 13.9649422904 -0.310095384945
5.464371497197758 12.8665666549 1.77559855972 13.9581084516 -0.36861856153
5.484387510008006 12.8986529937 1.42522943253 13.9503404693 -0.403973487311
5.504403522818254 12.9234346444 1.04689316878 13.9420679493 -0.419660007842
5.524419535628502 12.9404248037 0.647986348211 13.9336454116 -0.419660628177
5.544435548438751 12.9492902479 0.236428135024 13.9253439003 -0.408316479265
5.564451561248999 12.9498596971 -0.179567130068 13.917345022 -0.390195025044
5.584467574059247 12.9421272564 -0.591723860238 13.9097378639 -0.369952467555
5.604483586869495 12.9262513689 -0.991937489295 13.9025185642 -0.35219583575
5.624499599679744 12.9025489895 -1.37249865062 13.8955927366 -0.341348486228
5.644515612489992 12.8714858018 -1.72630438714 13.8887802804 -0.34152215121
5.66453162530024 12.8336620598 -2.04704940993 13.8818228523 -0.356399556384
5.684547638110488 12.789794649 -2.329390306 13.8743936775 -0.38913199354
5.704563650920736 12.7406966114 -2.56908232673 13.8661089661 -0.442252428259
5.724579663730985 12.6872541598 -2.76308380361 13.8565409407 -0.517607088193
5.744595676541233 12.6304017125 -2.90962343484 13.845232179 -0.616308508146
5.764611689351481 12.5710961336 -3.00823168201 13.8317105684 -0.738709639688
5.784627702161729 12.5102906946 -3.05973453732 13.8155045728 -0.884400206069
5.804643714971977 12.4489094912 -3.06621070527 13.7961583756 -1.05222489438
5.824659727782226 12.3878230819 -3.0309140246 13.7732464377 -1.24032252305
5.844675740592474 12.3278260631 -2.95816280338 13.7463870424 -1.44618539753
5.864691753402722 12.2696170602 -2.85320156572 13.7152545206 -1.66673572944
5.88470776621297 12.213781788 -2.72203767031 13.679589762 -1.89841784678
5.904723779023219 12.160779559 -2.57125828274 13.6392087657 -2.13730305128
5.924739791833467 12.1109337955 -2.40783294182 13.5940088806 -2.37920417201
5.944755804643715 12.0644263168 -2.23890922266 13.5439728419 -2.6197952973
5.964771817453963 12.0212956449 -2.07160516178 13.4891704437 -2.85473457909
5.984787830264211 11.9814397869 -1.9128054968 13.4297575504 -3.0797860546
6.00480384307446 11.944623001 -1.76896669606 13.3659727163 -3.29093739113
6.024819855884708 11.910486164 -1.64593703481 13.298131617 -3.48450972985
6.044835868694956 11.8785603739 -1.54879539984 13.2266194914 -3.65725733782
6.064851881505204 11.8482841244 -1.48171917443 13.1518813566 -3.80645101845
6.084867894315452 11.8190223057 -1.44787329421 13.0744110577 -3.92994947495
6.104883907125701 11.7900871387 -1.44933228231 12.9947390415 -4.02625164667
6.124899919935949 11.7607606102 -1.48703396142 12.9134191168 -4.09453066604
6.144915932746197 11.7303175115 -1.56076750373 12.83101472 -4.13464759807
6.164931945556445 11.6980481936 -1.66919319419 12.7480852207 -4.14714626528
6.184947958366694 11.6632807092 -1.80989379191 12.6651724637 -4.13322913012
6.204963971176942 11.6254016006 -1.97945778024 12.5827879834 -4.0947138486
6.22497998398719 11.5838747813 -2.17358817555 12.501401244 -4.03397409392
6.244995996797438 11.5382579405 -2.38723623273 12.4214292434 -3.9538648775
6.265012009607686 11.4882160392 -2.61475506469 12.3432277587 -3.85763520083
6.285028022417935 11.4335317182 -2.85006760363 12.26708436 -3.74883129426
6.305044035228183 11.3741119376 -3.08684590302 12.1932136079 -3.63119202665
6.325060048038431 11.3099913645 -3.3186943759 12.1217541588 -3.50854103199
6.345076060848679 11.2413319899 -3.53933304623 12.0527681014 -3.38467773087
6.365092073658927 11.1684187883 -3.74277597435 11.9862426538 -3.26327006457
6.385108086469176 11.0916521254 -3.92349892706 11.922093828 -3.14775266662
6.405124099279424 11.0115370437 -4.07659142472 11.8601720063 -3.04123339874
6.425140112089672 10.9286696462 -4.19788947426 11.8002693122 -2.94641050505
6.44515612489992 10.8437209174 -4.28408638088 11.7421285882 -2.86550203075
6.4651721377101685 10.7574187528 -4.33281631286 11.6854535452 -2.80019088891
6.4851881505204165 10.670528482 -4.34271129934 11.6299199127 -2.75158525508
6.5052041633306645 10.5838325776 -4.31342935764 11.5751871895 -2.72019585643
6.5252201761409125 10.4981101057 -4.24565293101 11.5209106709 -2.70593080284
6.5452361889511605 10.4141164101 -4.14105777043 11.4667534606 -2.70810802241
6.5652522017614094 10.3325637957 -4.00225444563 11.4123980061 -2.72548422638
6.5852682145716575 10.2541036563 -3.83270407 11.3575568883 -2.75629959126
6.6052842273819055 10.179310486 -3.63661105859 11.3019825941 -2.79833661198
6.6253002401921535 10.1086682238 -3.41879615109 11.2454759951 -2.84899133774
6.645316253002402 10.0425593206 -3.18455353686 11.1878932837 -2.90535482607
6.66533226581265 9.9812568468 -2.93949631865 11.1291511654 -2.96430239175
6.685348278622898 9.9249196019 -2.68939544692 11.0692303058 -3.02258759492
6.705364291433146 9.87359069291 -2.44001549405 11.0081767464 -3.07693910198
6.725380304243394 9.82719942967 -2.19695372061 10.9461013505 -3.12415654702
6.745396317053643 9.78556591924 -1.96548508371 10.8831776337 -3.16120364282
6.765412329863891 9.74840854724 -1.75041798896 10.8196378505 -3.18529574558
6.785428342674139 9.71535585874 -1.55596562658 10.7557664234 -3.19397943552
6.805444355484387 9.68595909304 -1.38563773178 10.6918929065 -3.18520016273
6.825460368294635 9.65970681628 -1.24215488014 10.6283836232 -3.1573571205
6.845476381104884 9.63604151272 -1.12738024028 10.565632081 -3.10934831988
6.865492393915132 9.61437737201 -1.04227999032 10.5040485685 -3.0405989942
6.88550840672538 9.59411836975 -0.986911992298 10.4440494703 -2.95107331438
6.905524419535628 9.57467630042 -0.960437857597 10.3860465202 -2.84127220546
6.925540432345877 9.55548841357 -0.961160766108 10.3304361893 -2.71221576118
6.945556445156125 9.53603400759 -0.986588163288 10.2775895956 -2.56541059053
6.965572457966373 9.51584957604 -1.03351519521 10.2278431891 -2.40280443688
6.985588470776621 9.49454204184 -1.09812822224 10.1814904916 -2.22672832704
7.005604483586869 9.47179973015 -1.17612422295 10.1387751131 -2.03982863581
7.025620496397118 9.44740095576 -1.26284191681 10.099885135 -1.84499150646
7.045636509207366 9.42121974688 -1.35340236019 10.064949153 -1.64526082211
7.065652522017614 9.3932286298 -1.4428534627 10.0340340457 -1.44375300277
7.085668534827862 9.36349892436 -1.52631459398 10.0071442169 -1.24357103085
7.10568454763811 9.33219779501 -1.59911745533 9.98422277705 -1.04771975895
7.125700560448359 9.2995825507 -1.65693985251 9.96515438216 -0.859024638444
7.145716573258607 9.26599248023 -1.69592716861 9.94976958419 -0.680057039444
7.165732586068855 9.23183853192 -1.71279942888 9.93785051686 -0.513067502582
7.185748598879103 9.1975906949 -1.70493872999 9.92913802421 -0.359929985083
7.205764611689352 9.16376409696 -1.6704588144 9.92333962316 -0.222096336727
7.2257806244996 9.13090397132 -1.60825377517 9.9201382226 -0.100562839636
7.245796637309848 9.09956962302 -1.51802071516 9.91920154351 0.00414807736119
7.265812650120096 9.07031835876 -1.40026175366 9.92019164731 0.0919938730492
7.285828662930344 9.04368955196 -1.25626249508 9.92277448319 0.163403914057
7.305844675740593 9.02018934832 -1.08804820328 9.9266291506 0.219258072991
7.325860688550841 9.00027647227 -0.898319595161 9.93145659706 0.260852907267
7.345876701361089 8.98434950002 -0.690370136622 9.93698752723 0.28985643058
7.365892714171337 8.97273597858 -0.467987289597 9.94298928937 0.308252820618
7.385908726981585 8.96568362684 -0.235341271068 9.94927158502 0.318279108524
7.405924739791834 8.96335381513 0.00313563807348 9.9556908734 0.322355596327
7.425940752602082 8.96581764649 0.242876512565 9.96215326874 0.323011524053
7.44595676541233 8.97305458656 0.479308785817 9.96861594075 0.322809055864
7.465972778222578 8.98495356106 0.707981809172 9.9750870539 0.324267405498
7.485988791032827 9.00131668832 0.924689519478 9.98162413252 0.32978909854
7.506004803843075 9.02186529986 1.12558486971 9.98833104328 0.341590457821
7.526020816653323 9.04624810922 1.30728281104 9.99535366433 0.361638258228
7.546036829463571 9.07405148689 1.46694818945 10.0028742518 0.391594721312
7.566052842273819 9.10481120841 1.60236718511 10.0111048715 0.432771847228
7.586068855084068 9.13802538889 1.71200084347 10.0202800591 0.486096028034
7.606084867894316 9.17316838565 1.79501800587 10.030648828 0.552084602712
7.626100880704564 9.20970513543 1.85130791473 10.04246634 0.630834344988
7.646116893514812 9.24710552361 1.88147298152 10.0559854784 0.722021710701
7.66613290632506 9.28485841193 1.88680041562 10.0714485407 0.824915724487
7.6861489191353085 9.3224848897 1.86921508522 10.0890793147 0.938402224507
7.7061649319455565 9.35955045641 1.83121568879 10.1090757217 1.06101831588
7.7261809447558045 9.39567571085 1.77579443211 10.1316032755 1.19099703913
7.7461969575660525 9.43054528646 1.70634410719 10.1567895302 1.3263200165
7.766212970376301 9.46391492531 1.62655559181 10.1847195888 1.46477631564
7.786228983186549 9.49561630962 1.54030746473 10.2154329072 1.60402663385
7.806244995996797 9.52555955979 1.45155213404 10.2489214637 1.74167021917
7.8262610088070454 9.55373381143 1.36420157521 10.2851290627 1.87531257253
7.8462770216172935 9.58020523605 1.28201555107 10.3239521597 2.0026324075
7.866293034427542 9.60511282054 1.20849569018 10.3652420355 2.12144577345
7.88630904723779 9.62866219445 1.1467872173 10.4088081543 2.22976619429
7.906325060048038 9.65111771892 1.09959388884 10.4544226028 2.32585746502
7.926341072858286 9.67279266299 1.06910733909 10.5018257185 2.40827843955
7.946357085668535 9.69403859327 1.0569496235 10.5507322347 2.47592020759
7.966373098478783 9.71523359401 1.0641331717 10.6008381874 2.52803326866
7.986389111289031 9.73676969422 1.0910400717 10.6518283684 2.56424345403
8.00640512409928 9.75904019584 1.13741916452 10.7033839079 2.58455729983
8.026421136909528 9.78242715313 1.20240020792 10.755189836 2.58935723913
8.046437149719775 9.80728927103 1.28452671243 10.8069424716 2.57938558353
8.066453162530024 9.83395063473 1.38180500775 10.8583563835 2.55571862495
8.086469175340273 9.86269054883 1.49176735145 10.9091707526 2.51973207655
8.10648518815052 9.89373480502 1.61154842762 10.9591549422 2.47305814734
8.126501200960769 9.9272486017 1.73797223074 11.0081131325 2.41753596986
8.146517213771016 9.96333122531 1.86764640163 11.0558879434 2.35515709046
8.166533226581265 10.0020127858 1.9970619425 11.1023628625 2.28800716791
8.186549239391514 10.0432528075 2.12269478723 11.147463584 2.21820603016
8.206565252201761 10.0869408762 2.24110678464 11.191158127 2.14784748047
8.22658126501201 10.1328994445 2.34904285379 11.2334556623 2.07894074713
8.246597277822257 10.1808884525 2.44352212697 11.2744042395 2.01335497258
8.266613290632506 10.2306116428 2.52192025526 11.3140874759 1.95276845481
8.286629303442755 10.2817243963 2.58204016478 11.3526202974 1.89862429957
8.306645316253002 10.3338428577 2.62216931893 11.3901438616 1.8520937058
8.326661329063251 10.3865541056 2.64112370562 11.4268198075 1.8140468243
8.346677341873498 10.4394270783 2.63827572836 11.4628239912 1.78503294816
8.366693354683747 10.4920238406 2.61356609193 11.4983399538 1.76527010102
8.386709367493996 10.5439109289 2.56749924008 11.5335522739 1.75464436187
8.406725380304243 10.5946704582 2.50112294004 11.568639995 1.75271866482
8.426741393114492 10.6439106722 2.41599280942 11.6037703185 1.75875069375
8.446757405924739 10.6912756369 2.31412289764 11.6390927438 1.77171929862
8.466773418734988 10.736453812 2.19792389071 11.6747338203 1.79035857915
8.486789431545237 10.7791852675 2.07013096942 11.710792654 1.81319849776
8.506805444355484 10.8192674345 1.93372286124 11.7473372436 1.83861114056
8.526821457165733 10.8565590914 1.7918356538 11.7844018354 1.86486059443
8.54683746997598 10.8909826055 1.64767317712 11.8219852916 1.89015536207
8.566853482786229 10.9225242948 1.50441656748 11.8600505643 1.91270180344
8.586869495596478 10.9512332646 1.36513566977 11.8985250755 1.93075692462
8.606885508406725 10.9772183253 1.23270504768 11.9373022467 1.94267898357
8.626901521216974 11.0006433152 1.10972484951 11.9762439875 1.9469756727
8.646917534027223 11.0217207345 0.998452652437 12.0151842233 1.94234627102
8.66693354683747 11.0407039779 0.900746772137 12.0539332945 1.92771739416
8.686949559647719 11.0578794216 0.818019691894 12.0922824808 1.90227277953
8.706965572457966 11.0735571192 0.751204427694 12.1300093957 1.86547579334
8.726981585268215 11.0880607909 0.700735629309 12.1668838555 1.81708339394
8.746997598078464 11.1017177437 0.666546326437 12.2026738481 1.75715082819
8.76701361088871 11.1148490253 0.648078677978 12.2371514184 1.6860279486
8.78702962369896 11.1277598242 0.644306337334 12.2700984518 1.60434856384
8.807045636509207 11.1407303829 0.653772130493 12.3013122128 1.51301055204
8.827061649319456 11.1540078355 0.674637021913 12.3306103797 1.413149007
8.847077662129704 11.1677992133 0.704739168035 12.3578354273 1.30610306015
8.867093674939952 11.1822655772 0.74166111413 12.3828583735 1.19337754341
8.8871096877502 11.1975176799 0.782804138386 12.4055816466 1.07659996898
8.907125700560448 11.2136130956 0.825466183016 12.4259410986 0.957474956717
8.927141713370697 11.2305548989 0.866921905154 12.4439071073 0.837736956826
8.947157726180945 11.2482920494 0.904502466514 12.4594846669 0.719102636387
8.967173738991193 11.2667213432 0.935672759048 12.4727125394 0.603224336203
8.987189751801441 11.2856907549 0.958103798471 12.4836615618 0.491645995871
9.007205764611689 11.3050042553 0.969738085821 12.4924320506 0.385762828232
9.027221777421937 11.3244278423 0.968846782932 12.4991504528 0.286785503814
9.047237790232186 11.3436965684 0.954076579791 12.5039653645 0.195710168215
9.067253803042433 11.3625225103 0.924484744261 12.507042942 0.113295203867
9.087269815852682 11.3806031956 0.87956313355 12.5085619957 0.0400444135602
9.10728582866293 11.3976304062 0.819248722715 12.5087088048 -0.0238018992289
9.127301841473178 11.4132991183 0.743921596327 12.5076717982 -0.0782684458945
9.147317854283427 11.4273162313 0.65439022892 12.5056363062 -0.123638859636
9.167333867093674 11.4394089019 0.551864897682 12.5027794956 -0.160442441728
9.187349879903923 11.4493322237 0.437919792459 12.4992656441 -0.18943400692
9.207365892714172 11.4568760599 0.314445443792 12.4952418732 -0.211567734752
9.22738190552442 11.4618708119 0.183592375016 12.490834473 -0.227965501208
9.247397918334668 11.4641919956 0.0477082717709 12.4861459033 -0.239881015516
9.267413931144915 11.4637635797 -0.0907294325345 12.4812525057 -0.248660875172
9.287429943955164 11.4605597817 -0.229184574415 12.476203111 -0.255703033342
9.307445956765413 11.4546055814 -0.365133387127 12.4710184019 -0.262414828182
9.32746196957566 11.4459757518 -0.496134469388 12.4656911551 -0.270171267678
9.347477982385909 11.4347925401 -0.619895963495 12.4601872905 -0.28027457763
9.367493995196156 11.4212220952 -0.734337526668 12.4544476805 -0.293916474702
9.387510008006405 11.4054697119 -0.837645839223 12.4483906836 -0.312143930433
9.407526020816654 11.3877737571 -0.92832065154 12.4419154925 -0.33583016593
9.427542033626901 11.3683991722 -1.00521241142 12.4349057663 -0.365650518827
9.44755804643715 11.3476302272 -1.0675495155 12.4272337451 -0.402064249184
9.467574059247397 11.325762706 -1.11495443463 12.4187647441 -0.445302780501
9.487590072057646 11.3030959334 -1.14744786044 12.4093617886 -0.495365001694
9.507606084867895 11.2799248897 -1.16544220828 12.3988902389 -0.552018908063
9.527622097678142 11.2565325239 -1.16972392426 12.3872223424 -0.61480994096
9.547638110488391 11.2331825312 -1.16142510649 12.3742415527 -0.683075800154
9.567654123298638 11.2101127775 -1.14198629106 12.359846502 -0.755966683434
9.587670136108887 11.1875295916 -1.11311041303 12.3439544948 -0.83247101078
9.607686148919136 11.1656030549 -1.07671009902 12.3265044387 -0.911445390407
9.627702161729383 11.1444633027 -1.0348502632 12.3074591959 -0.991647661138
9.647718174539632 11.1241981203 -0.989686347654 12.2868071856 -1.07177288941
9.66773418734988 11.1048517835 -0.943401092031 12.2645632579 -1.15049059447
9.687750200160128 11.0864251629 -0.898141563693 12.2407688185 -1.22648218009
9.707766212970377 11.0688770965 -0.85595825984 12.215491195 -1.29847749815
9.727782225780624 11.0521265888 -0.818746888347 12.1888225051 -1.36529005833
9.747798238590873 11.0360567858 -0.788196042554 12.16087745 -1.4258492458
9.767814251401122 11.0205195812 -0.765741328093 12.1317907095 -1.4792288888
9.787830264211369 11.0053409702 -0.752527380308 12.1017138632 -1.52467135477
9.807846277021618 10.9903271954 -0.749379827848 12.0708118046 -1.56160596672
9.827862289831865 10.9752713307 -0.756784574829 12.0392588655 -1.58966319901
9.847878302642114 10.9599602067 -0.774877762796 12.0072346972 -1.60868262815
9.867894315452363 10.9441814563 -0.803446866101 11.9749200351 -1.61871430618
9.88791032826261 10.9277304562 -0.841940683843 11.9424924904 -1.62001481941
9.907926341072859 10.9104167406 -0.889489774422 11.9101226121 -1.61303699307
9.927942353883106 10.8920700782 -0.944934604177 11.8779701186 -1.5984149161
9.947958366693355 10.8725461212 -1.00686201349 11.8461803456 -1.57694390153
9.967974379503604 10.8517310525 -1.07364950329 11.814881258 -1.54955551193
9.98799039231385 10.8295452767 -1.14351463372 11.7841810066 -1.51728927085
10.0080064051241 10.805945961 -1.21456689525 11.7541661572 -1.48126257236
10.028022417934347 10.7809286999 -1.28486224614 11.7249004266 -1.44263875107
10.048038430744596 10.7545281784 -1.35246344781 11.6964239837 -1.40259141521
10.068054443554844 10.7268172919 -1.41549248987 11.6687537026 -1.36227303073
10.088070456365092 10.697905409 -1.47218231482 11.6418839252 -1.32278366942
10.10808646917534 10.6679357552 -1.52092790503 11.6157877425 -1.2851398768
10.128102481985588 10.6370817555 -1.56033092925 11.5904189207 -1.2502470601
10.148118494795836 10.6055424392 -1.58923677381 11.5657144148 -1.21887612318
10.168134507606085 10.5735372171 -1.6067644591 11.5415972828 -1.1916441405
10.188150520416333 10.5413001859 -1.61232931212 11.5179799084 -1.16899919167
10.208166533226581 10.5090740595 -1.60565649356 11.4947674838 -1.1512105137
10.22818254603683 10.47710392 -1.58678550164 11.4718616364 -1.13836395513
10.248198558847077 10.4456309426 -1.55606567282 11.4491641092 -1.130362764
10.268214571657326 10.4148863046 -1.51414311367 11.4265803684 -1.12693351314
10.288230584467573 10.3850854506 -1.46193940815 11.4040230346 -1.12763700788
10.308246597277822 10.3564228587 -1.40062272634 11.3814150512 -1.13188384669
10.328262610088071 10.3290674485 -1.33157229688 11.3586925011 -1.13895410441
10.348278622898318 10.3031587638 -1.25633734936 11.3358069904 -1.14802051988
10.368294635708567 10.2788040077 -1.17659189592 11.312727546 -1.15817439776
10.388310648518814 10.2560760229 -1.09408645258 11.289441969 -1.16845359822
10.408326661329063 10.2350122878 -1.01059819734 11.2659575965 -1.17787174645
10.428342674139312 10.2156148774 -0.927881096163 11.2423014943 -1.18544773845
10.44835868694956 10.1978513371 -0.847617648996 11.2185201054 -1.19023454806
10.468374699759808 10.1816566044 -0.771372459621 11.1946782746 -1.19134725247
10.488390712570055 10.1669357906 -0.700550009219 11.1708577486 -1.18798881019
10.508406725380304 10.1535679839 -0.636358642716 11.1471550508 -1.17947244521
10.528422738190553 10.1414102993 -0.579779742223 11.1236791894 -1.16524102338
10.5484387510008 10.1303026067 -0.531543527431 11.1005489412 -1.14488269006
10.568454763811049 10.1200727902 -0.492112248582 11.0778897929 -1.11814227298
10.588470776621296 10.1105423014 -0.461672459396 11.0558306748 -1.08492737974
10.608486789431545 10.101531641 -0.440134020576 11.0345007102 -1.04531047957
10.628502802241794 10.0928657874 -0.427137162655 11.0140259671 -0.999526186025
10.648518815052041 10.0843795076 -0.422067324761 10.994526249 -0.947963889749
10.66853482786229 10.0759222573 -0.424077285488 10.976112101 -0.891155944668
10.688550840672539 10.0673625339 -0.432115452779 10.9588821171 -0.829762040481
10.708566853482786 10.0585916593 -0.444959354099 10.9429205646 -0.764550324068
10.728582866293035 10.0495268112 -0.461254004632 10.928295435 -0.69637540886
10.748598879103282 10.0401132672 -0.479553304599 10.9150569499 -0.626154359446
10.768614891913531 10.0303258204 -0.498363439304 10.9032365501 -0.554841248659
10.78863090472378 10.0201692686 -0.516187328567 10.8928464301 -0.483400825094
10.808646917534027 10.0096780241 -0.531568478043 10.8838795962 -0.412782282469
10.828662930344276 9.99891489625 -0.543133043755 10.8763104226 -0.343893851369
10.848678943154523 9.98796903053 -0.549629046528 10.8700957189 -0.277578840479
10.868694955964772 9.97695314504 -0.549961744092 10.8651762309 -0.214593756285
10.88871096877502 9.96600006637 -0.543224231727 10.861478575 -0.155589054037
10.908726981585268 9.95525861607 -0.528721365821 10.8589175864 -0.101093665801
10.928742994395517 9.94488923875 -0.505988286152 10.8573988425 -0.051502661062
10.948759007205764 9.93505932587 -0.474802187948 10.856821395 -0.00706882753814
10.968775020016013 9.92593824531 -0.435186247024 10.8570807096 0.0321011735314
10.988791032826262 9.91769245723 -0.387407196404 10.8580715811 0.0660468575463
11.008807045636509 9.9104807248 -0.331965874366 10.8596910226 0.0949497656927
11.028823058446758 9.90444956883 -0.269580899322 10.86184104 0.11912516214
11.048839071257005 9.89972913183 -0.201166571681 10.8644311889 0.139010184582
11.068855084067254 9.89642951535 -0.127805550246 10.8673808738 0.155148754608
11.088871096877503 9.89463773229 -0.0507168154027 10.870621305 0.168173510823
11.10888710968775 9.89441532113 0.0287797023226 10.8740970786 0.178785569552
11.128903122497999 9.89579671023 0.10930097707 10.8777673244 0.187732592776
11.148919135308246 9.89878834113 0.189440027404 10.8816064115 0.195785872067
11.168935148118495 9.90336861194 0.267805283392 10.8856041721 0.203717038476
11.188951160928744 9.90948850089 0.343059081791 10.8897657195 0.212275091577
11.20896717373899 9.91707303511 0.413954231069 10.8941107612 0.222164327538
11.22898318654924 9.92602348239 0.479367504451 10.8986724724 0.234023879436
11.248999199359488 9.93622011648 0.538329307229 10.9034960166 0.248409360587
11.269015212169736 9.9475255731 0.5900481552 10.9086366969 0.265777414557
11.289031224979984 9.95978862237 0.633930075787 10.9141578415 0.286473156343
11.309047237790232 9.97284820935 0.669592610654 10.9201285097 0.310720738189
11.32906325060048 9.98653779993 0.696872222221 10.926620992 0.33861773964
11.34907926341073 10.0006898038 0.715825269373 10.9337082388 0.370133349905
11.369095276220976 10.0151399258 0.72672316775 10.9414613088 0.405110020293
11.389111289031225 10.0297313629 0.73004119978 10.9499468843 0.443268927937
11.409127301841473 10.0443187271 0.726441775996 10.9592249255 0.484218809512
11.429143314651721 10.0587715898 0.716752745173 10.96934653 0.527467840582
11.44915932746197 10.0729775354 0.701941167559 10.9803520633 0.572438346893
11.469175340272217 10.0868446464 0.683083491355 10.992269613 0.61848381241
11.489191353082466 10.1003033594 0.661333052914 11.0051138019 0.664907654473
11.509207365892713 10.1133077106 0.637886075554 11.0188849584 0.710983064488
11.529223378702962 10.1258358212 0.613946543363 11.0335687303 0.755973732709
11.549239391513211 10.1378896893 0.590691387849 11.0491361101 0.799154585133
11.569255404323458 10.1494943137 0.569237061201 11.0655438617 0.839831887843
11.589271417133707 10.160696174 0.550608311903 11.0827353349 0.877362227281
11.609287429943954 10.1715611018 0.535709967934 11.1006416534 0.911169878773
11.629303442754203 10.1821716368 0.525302411458 11.1191832211 0.940762129963
11.649319455564452 10.1926239222 0.519981581723 11.1382715193 0.965742047105
11.6693354683747 10.203024252 0.520163996693 11.157811129 0.98581836034
11.689351481184948 10.2134853764 0.526077051332 11.1777019183 1.00081228448
11.709367493995195 10.2241226647 0.537754854558 11.197841335 1.01066109086
11.729383506805444 10.2350502407 0.555039655833 11.2181267385 1.01541836682
11.749399519615693 10.2463772045 0.577588781763 11.238457702 1.01525097767
11.76941553242594 10.2582040443 0.604886721677 11.2587382229 1.01043291474
11.789431545236189 10.2706193337 0.636261958219 11.2788787832 1.00133624265
11.809447558046438 10.2836968188 0.670908226833 11.2987981972 0.988419302667
11.829463570856685 10.2974929621 0.707909239651 11.3184252019 0.972212725727
11.849479583666934 10.3120450124 0.746266290739 11.3376997483 0.953303581042
11.869495596477181 10.3273696489 0.784927885824 11.3565739605 0.932318155138
11.88951160928743 10.3434622339 0.822820527702 11.3750127396 0.909903867236
11.909527622097679 10.3602967526 0.85887977033 11.3929939612 0.886710824347
11.929543634907926 10.3778261444 0.892080415613 11.410508438 0.863373770952
11.949559647718175 10.3959834292 0.92146563849 11.4275594071 0.840494442794
11.969575660528422 10.4146834024 0.94617395576 11.4441616722 0.818625034337
11.989591673338671 10.4338247584 0.965463040433 11.4603404781 0.798253413497
12.00960768614892 10.4532927471 0.978729077626 11.4761300524 0.779790826603
12.029623698959167 10.4729620962 0.985522309421 11.4915719729 0.763561787494
12.049639711769416 10.4927001366 0.985558792357 11.5067133996 0.749796154447
12.069655724579663 10.5123702018 0.978726959485 11.5216051227 0.73862421026
12.089671737389912 10.5318351378 0.965088865207 11.5362995222 0.730074864688
12.10968775020016 10.55096076 0.944876727121 11.55084854 0.724076662621
12.129703763010408 10.569619173 0.918484581425 11.5653017111 0.720461730876
12.149719775820657 10.5876918782 0.886455633365 11.5797043026 0.718972340439
12.169735788630904 10.6050726026 0.849465474005 11.5940955997 0.719270001294
12.189751801441153 10.6216697576 0.808301718925 11.6085073945 0.720946787278
12.209767814251402 10.6374084509 0.763840758879 11.6229627262 0.723538502711
12.229783827061649 10.6522320087 0.717022321742 11.6374749012 0.72653928895
12.249799839871898 10.666102977 0.668822540441 11.6520468129 0.729417267091
12.269815852682147 10.6790035442 0.620226353614 11.6666706015 0.73163074318
12.289831865492394 10.6909355056 0.572200114507 11.6813275818 0.732644421269
12.309847878302643 10.7019196056 0.525665003961 11.6959885429 0.731945318316
12.32986389111289 10.7119943605 0.481471994365 11.7106143589 0.729057907719
12.349879903923139 10.7212144478 0.440379004775 11.7251568634 0.723558087009
12.369895916733388 10.7296485694 0.403031469357 11.7395600478 0.71508527107
12.389911929543635 10.7373770537 0.369946357714 11.7537614267 0.703352511291
12.409927942353884 10.7444892151 0.341499642183 11.7676935589 0.688154638671
12.42994395516413 10.7510804339 0.317917972014 11.7812857502 0.66937399037
12.44995996797438 10.7572490862 0.299274950348 11.7944658611 0.646983447061
12.469975980784628 10.7630934804 0.285491798088 11.8071621281 0.621046864782
12.489991993594876 10.7687088639 0.276342284582 11.8193049588 0.591716953617
12.510008006405124 10.7741845583 0.271461794031 11.8308286669 0.559230664524
12.530024019215372 10.7796013061 0.270360173603 11.8416730959 0.523902270665
12.55004003202562 10.7850289108 0.272438032202 11.8517850832 0.486114315922
12.57005604483587 10.7905242441 0.277006020348 11.8611197161 0.446306688023
12.590072057646116 10.7961296575 0.283306335588 11.8696413586 0.404964254494
12.610088070456365 10.8018718429 0.290535893752 11.8773244174 0.362603380427
12.630104083266612 10.8077611684 0.297870544647 11.8841538301 0.319757689408
12.650120096076861 10.813791511 0.304489526989 11.8901252598 0.276963539677
12.67013610888711 10.8199405818 0.309599476303 11.895244996 0.234745623859
12.690152121697357 10.826170567 0.312457537863 11.8995296637 0.193603009235
12.710168134507606 10.8324295155 0.312392707547 11.903005483 0.15399601517
12.730184147317853 10.8386529535 0.308824976919 11.905707385 0.116334329027
12.750200160128102 10.844765873 0.301280625638 11.9076778899 0.0809673017909
12.770216172938351 10.85068493 0.289405388079 11.9089658513 0.0481754454332
12.790232185748598 10.8563209459 0.272974224111 11.9096250076 0.0181638596613
12.810248198558847 10.8615816059 0.25189632759 11.909712396 -0.00894157054881
12.830264211369096 10.8663741322 0.226216789493 11.9092867665 -0.0330959836704
12.850280224179343 10.8706079827 0.196114488876 11.9084069658 -0.0543351175102
12.870296236989592 10.8741974953 0.161895848811 11.9071303352 -0.0727724136889
12.89031224979984 10.8770643367 0.123985156016 11.9055112095 -0.0885940250147
12.910328262610088 10.8791397395 0.0829117439159 11.9035995267 -0.102051898746
12.930344275420337 10.8803664562 0.0392942327718 11.9014395937 -0.113455030094
12.950360288230584 10.8807003678 -0.00617759959833 11.8990690445 -0.123159208024
12.970376301040833 10.8801117103 -0.052762717275 11.8965180173 -0.131555598977
12.99039231385108 10.8785858799 -0.0996899461263 11.8938085741 -0.139058483
13.010408326661329 10.8761238347 -0.146179654664 11.8909543563 -0.146092539014
13.030424339471578 10.8727420222 -0.191465448737 11.8879605195 -0.153079983559
13.050440352281825 10.8684719258 -0.234815253714 11.8848238957 -0.160427961464
13.070456365092074 10.8633591987 -0.275551207965 11.8815334031 -0.168516521792
13.090472377902321 10.8574624308 -0.31306796881 11.8780706788 -0.177687428478
13.11048839071257 10.8508513712 -0.346848136805 11.8744110438 -0.188234521945
13.130504403522819 10.8436051174 -0.3764754061 11.8705244975 -0.200395420143
13.150520416333066 10.8358100436 -0.401644678156 11.8663768766 -0.214344945124
13.170536429143315 10.8275574679 -0.422168989577 11.8619311823 -0.230190363183
13.190552441953562 10.8189412215 -0.437982801284 11.8571489782 -0.247968754987
13.210568454763811 10.810055225 -0.449141972038 11.8519917976 -0.267646354324
13.23058446757406 10.8009910991 -0.455820119984 11.8464225451 -0.289120039027
13.250600480384307 10.7918358676 -0.458301892965 11.8404068552 -0.312220681713
13.270616493194556 10.7826698224 -0.456973100513 11.8339143675 -0.336718408486
13.290632506004805 10.773564626 -0.452308055361 11.8269198729 -0.362329580892
13.310648518815052 10.7645816788 -0.444854734411 11.8194043115 -0.38872514703
13.3306645316253 10.755770818 -0.43521789106 11.8113555832 -0.415540302662
13.350680544435548 10.7471693576 -0.424040883342 11.8027691607 -0.44238501151
13.370696557245797 10.7388015069 -0.411986600939 11.7936484834 -0.468855168066
13.390712570056046 10.7306782034 -0.399718147859 11.7840051066 -0.494544023219
13.410728582866293 10.7227972394 -0.387879920507 11.773858676 -0.519053458914
13.430744595676542 10.7151438249 -0.377079187891 11.7632366416 -0.542005088773
13.450760608486789 10.7076915372 -0.367868999643 11.7521737383 -0.563050680414
13.470776621297038 10.700403539 -0.360732798964 11.740711301 -0.581881642168
13.490792634107287 10.6932341786 -0.356072057391 11.7288963412 -0.598236824309
13.510808646917534 10.6861306792 -0.354195586945 11.716780565 -0.611909349324
13.530824659727783 10.6790350532 -0.355311694709 11.7044192464 -0.622751818514
13.55084067253803 10.6718861807 -0.359523451861 11.6918699911 -0.630679715529
13.570856685348279 10.6646219578 -0.366827166059 11.6791914467 -0.635672927058
13.590872698158527 10.6571814189 -0.377113851544 11.6664420162 -0.637775475361
13.610888710968775 10.649506794 -0.390173672681 11.6536785978 -0.637093465769
13.630904723779024 10.6415454629 -0.405703140491 11.6409553758 -0.633791368525
13.65092073658927 10.6332517383 -0.423315026517 11.6283227007 -0.628086637216
13.67093674939952 10.6245884236 -0.44255053714 11.615826095 -0.620242918795
13.690952762209768 10.6155281056 -0.462893351897 11.6035054072 -0.61056207946
13.710968775020016 10.6060541529 -0.483785148386 11.5913941354 -0.599375261582
13.730984787830264 10.5961613797 -0.504642169293 11.5795189439 -0.587033224363
13.751000800640512 10.585856409 -0.524872223822 11.5678993567 -0.573896338552
13.77101681345076 10.5751576686 -0.543891851559 11.5565476673 -0.560324377384
13.79103282626101 10.5640950323 -0.561143040882 11.545469061 -0.546666468262
13.811048839071256 10.5527091506 -0.576108970108 11.534661925 -0.533251533675
13.831064851881505 10.5410504844 -0.588328377874 11.5241183399 -0.52037945898
13.851080864691754 10.5291780662 -0.597408207559 11.5138247399 -0.508313204739
13.871096877502001 10.5171580241 -0.60303418552 11.5037627218 -0.497272075982
13.89111289031225 10.5050619166 -0.60497903521 11.4939099766 -0.487426339127
13.911128903122497 10.4929649308 -0.603108116277 11.4842413121 -0.478893326765
13.931144915932746 10.4809439946 -0.597382370011 11.4747297383 -0.471735115757
13.951160928742995 10.4690758571 -0.587858527765 11.4653475826 -0.465957819779
13.971176941553242 10.4574351919 -0.574686607883 11.4560676042 -0.46151249699
13.991192954363491 10.4460927764 -0.558104801874 11.4468640735 -0.45829762865
14.011208967173738 10.4351137985 -0.538431927995 11.4377137876 -0.456163077673
14.031224979983987 10.4245563372 -0.516057699584 11.4285969921 -0.454915393661
14.051240992794236 10.4144700568 -0.491431112988 11.4194981851 -0.454324295228
14.071257005604483 10.4048951496 -0.465047307908 11.4104067812 -0.454130130142
14.091273018414732 10.3958615535 -0.437433292135 11.4013176182 -0.454052088396
14.11128903122498 10.3873884634 -0.409132950929 11.3922312939 -0.453796924177
14.131305044035228 10.3794841656 -0.380691780086 11.3831543143 -0.453067934545
14.151321056845477 10.3721461131 -0.352641796384 11.3740990983 -0.451573902306
14.171337069655724 10.3653613611 -0.325486986315 11.3650837692 -0.44903782262
14.191353082465973 10.3591072757 -0.299689768844 11.3561317813 -0.445205106564
14.21136909527622 10.3533524727 -0.275658575987 11.3472714058 -0.439851187208
14.231385108086469 10.3480580471 -0.253737795965 11.3385350378 -0.43278780708
14.251401120896718 10.3431789368 -0.234199124736 11.3299584174 -0.423868508335
14.271417133706965 10.3386654025 -0.217235152351 11.3215797749 -0.412992829807
14.291433146517214 10.3344646632 -0.202955325936 11.3134388749 -0.400109138111
14.311449159327461 10.3305226012 -0.191384421301 11.3055760099 -0.385215989821
14.33146517213771 10.326785452 -0.182463413958 11.2980309944 -0.368362065012
14.351481184947959 10.3232014438 -0.176052697232 11.2908421793 -0.349644693245
14.371497197758206 10.3197223575 -0.171937574448 11.2840455053 -0.329207006775
14.391513210568455 10.3163049636 -0.169835754699 11.2776736223 -0.307233869013
14.411529223378704 10.3129122845 -0.169406764509 11.2717551038 -0.283946615692
14.431545236188951 10.3095146493 -0.170262876137 11.2663137792 -0.25959683607
14.4515612489992 10.3060905204 -0.17198121776 11.2613681977 -0.23445938674
14.471577261809447 10.3026270686 -0.174116743552 11.2569312362 -0.208824823046
14.491593274619696 10.2991204799 -0.176215661362 11.2530098667 -0.182991481426
14.511609287429945 10.2955759909 -0.177828898215 11.2496050831 -0.157257461527
14.531625300240192 10.2920076509 -0.178525281152 11.2467119925 -0.131912698618
14.55164131305044 10.2884379378 -0.177904172772 11.2443199944 -0.107231317903
14.571657325860688 10.2848969014 -0.175606971076 11.2424132462 -0.0834645270424
14.591673338670937 10.2814212424 -0.171327401969 11.2409711711 -0.0608342072122
14.611689351481186 10.2780531878 -0.164819502998 11.2399690963 -0.0395278164383
14.631705364291433 10.2748392453 -0.155904535731 11.2393789681 -0.0196938941817
14.651721377101682 10.271828793 -0.144475982296 11.2391701721 -0.00143865649506
14.671737389911929 10.2690725815 -0.130501802824 11.2393104179 0.0151758078831
14.691753402722178 10.266621257 -0.114024900805 11.239766618 0.0301322708286
14.711769415532427 10.2645238737 -0.0951614906537 11.2405057823 0.0434578553071
14.731785428342674 10.2628264517 -0.0740972142863 11.2414958964 0.0552221760502
14.751801441152923 10.2615706495 -0.0510813842098 11.2427067389 0.0655343341331
14.77181745396317 10.2607925606 -0.0264195390389 11.2441106333 0.074538873388
14.791833466773419 10.2605216691 -0.000464462846935 11.2456831126 0.0824107780573
14.811849479583667 10.2607800087 0.0263941164003 11.2474034699 0.0893496271897
14.831865492393915 10.2615815418 0.0537407031485 11.249255182 0.0955731649102
14.851881505204164 10.262931752 0.0811457469376 11.2512262103 0.101310490226
14.871897518014412 10.2648274927 0.108177679002 11.2533091516 0.106794979425
14.89191353082466 10.2672570622 0.13441486092 11.2555012558 0.112257194558
14.911929543634908 10.2702004996 0.159457116683 11.2578043107 0.117917974304
14.931945556445156 10.2736301139 0.182936594746 11.2602243877 0.123981854499
14.951961569255404 10.2775112628 0.204527462902 11.2627714349 0.130631107856
14.971977582065653 10.2818033238 0.223954298804 11.2654587524 0.138020501783
14.9919935948759 10.2864607102 0.240998910457 11.2683024338 0.14627297407
15.01200960768615 10.2914340679 0.255505566703 11.2713206962 0.155476199263
15.032025620496396 10.2966715787 0.267384458923 11.274533139 0.165680172904
15.052041633306645 10.3021203096 0.276613114512 11.2779599689 0.176895997282
15.072057646116894 10.3077275512 0.283235874916 11.2816212224 0.189095818103
15.092073658927141 10.3134421284 0.287361560614 11.2855359984 0.202213844407
15.11208967173739 10.3192156552 0.289159362557 11.2897217169 0.216148436082
15.132105684547637 10.3250036909 0.288853045741 11.2941934289 0.230765220815
15.152121697357886 10.3307667597 0.286713665059 11.2989632016 0.245901132482
15.172137710168135 10.3364712171 0.283051109511 11.3040395887 0.261369188053
15.192153722978382 10.3420899297 0.27820458678 11.3094272084 0.276963946465
15.212169735788631 10.3476027629 0.272532459853 11.3151264304 0.292467406368
15.232185748598878 10.3529968594 0.266401652764 11.3211331869 0.307655219144
15.252201761409127 10.3582666791 0.260176995791 11.3274389222 0.32230300541
15.272217774219376 10.3634138995 0.254210797914 11.3340306279 0.336192576477
15.292233787029623 10.368447053 0.248832821645 11.3408910334 0.349117991356
15.312249799839872 10.373380983 0.244341001778 11.3479989079 0.360891223937
15.33226581265012 10.3782361019 0.240993356224 11.3553294826 0.371347178162
15.352281825460368 10.3830374782 0.239001157455 11.3628549807 0.380348003738
15.372297838270617 10.3878139095 0.238523534441 11.3705451603 0.387786565997
15.392313851080864 10.3925968458 0.239663501797 11.3783679513 0.39358911075
15.412329863891113 10.397419218 0.242465647683 11.3862901557 0.397716970696
15.432345876701362 10.4023142496 0.246915628599 11.3942781645 0.400167203587
15.452361889511609 10.4073142924 0.252941403758 11.402298667 0.400972189591
15.472377902321858 10.4124497037 0.260416000087 11.410319342 0.400198307659
15.492393915132105 10.4177477877 0.269161847367 11.4183095171 0.397943660201
15.512409927942354 10.423231834 0.278956504815 11.4262407761 0.394334943025
15.532425940752603 10.4289202856 0.289539630181 11.434087494 0.389523539343
15.55244195356285 10.4348260608 0.30062095135 11.4418272859 0.383680973696
15.572457966373099 10.4409560414 0.311888981411 11.4494413593 0.376993875583
15.592473979183346 10.4473107445 0.323020244618 11.4569147605 0.369658585938
15.612489991993595 10.4538841669 0.333688709217 11.4642365189 0.361875590447
15.632506004803844 10.4606638272 0.343575215429 11.4713996748 0.35384389767
15.652522017614091 10.4676310016 0.352376653117 11.4784011906 0.34575550906
15.67253803042434 10.4747611353 0.359814471082 11.4852417558 0.337790234546
15.692554043234587 10.4820244107 0.365642458214 11.4919254959 0.330110893934
15.712570056044836 10.4893864622 0.369653491959 11.4984595898 0.322859088673
15.732586068855085 10.4968092161 0.371685106663 11.5048538089 0.316151637131
15.752602081665332 10.5042518302 0.371623729018 11.5111199907 0.310077771632
15.77261809447558 10.5116717037 0.36940747619 11.5172714649 0.304697167835
15.792634107285828 10.5190255271 0.365027456735 11.52332245 0.300038850666
15.812650120096077 10.5262703424 0.358527557349 11.5292874361 0.296100995362
15.832666132906326 10.5333645856 0.350002740137 11.5351805732 0.292851617583
15.852682145716573 10.5402690795 0.339595916332 11.5410150814 0.290230121924
15.872698158526822 10.5469479516 0.327493502762 11.5468027005 0.288149653845
15.89271417133707 10.5533694505 0.313919804275 11.5525531938 0.28650017725
15.912730184147318 10.5595066392 0.299130396995 11.5582739207 0.285152180222
15.932746196957567 10.5653379478 0.283404713 11.5639694882 0.283960895039
15.952762209767814 10.5708475725 0.267038046923 11.5696414908 0.282770905627
15.972778222578063 10.5760257092 0.250333218716 11.5752883463 0.281421006125
15.992794235388311 10.58086862 0.233592133862 11.5809052291 0.279749168667
16.01281024819856 10.5853785152 0.217107519122 11.586484113 0.277597459955
16.032826261008807 10.5895633192 0.201154955792 11.5920138839 0.27481681441
16.052842273819056 10.5934362806 0.185985439578 11.597480545 0.271271539698
16.0728582866293 10.5970153334 0.171818983365 11.6028675738 0.266843275002
16.09287429943955 10.6003224381 0.158839036432 11.6081562933 0.261434470043
16.1128903122498 10.6033828389 0.147187921526 11.6133262967 0.254971284572
16.13290632506005 10.6062241916 0.136963805785 11.6183559541 0.247405614398
16.152922337870297 10.608875654 0.128218653212 11.6232229446 0.238716545571
16.172938350680546 10.6113669576 0.120957592265 11.6279048053 0.228910974152
16.19295436349079 10.6137274748 0.11513972478 11.6323794872 0.218023371719
16.21297037630104 10.6159853145 0.110680183653 11.6366259005 0.20611480156
16.23298638911129 10.6181664718 0.107453400548 11.6406244302 0.193271200842
16.253002401921538 10.6202940578 0.105297512182 11.6443574106 0.179600964398
16.273018414731787 10.6223876244 0.104019735473 11.6478095458 0.165231925737
16.293034427542032 10.6244626077 0.103402569298 11.650968263 0.150307813433
16.31305044035228 10.6265298977 0.103210583251 11.6538239941 0.134984322928
16.33306645316253 10.6285955525 0.103197664512 11.6563703716 0.119424874701
16.35308246597278 10.6306606653 0.103114465616 11.6586043367 0.103796209538
16.373098478783028 10.6327213645 0.102715831922 11.6605261659 0.0882639573832
16.393114491593273 10.6347689672 0.10176802193 11.6621394074 0.0729882853563
16.413130504403522 10.6367902842 0.100055549868 11.6634507257 0.0581197265461
16.43314651721377 10.6387680516 0.0973873774828 11.6644696672 0.0437953586557
16.45316253002402 10.6406814659 0.0936023929131 11.6652083632 0.0301353765253
16.47317854283427 10.6425068468 0.0885737625176 11.6656811506 0.0172402969246
16.493194555644514 10.6442183534 0.0822124493873 11.6659041588 0.00518864312195
16.513210568454763 10.6457887525 0.0744696067811 11.6658948601 -0.005964717556
16.533226581265012 10.6471902459 0.0653376617491 11.6656715798 -0.0161894751041
16.55324259407526 10.6483952992 0.0548503520033 11.6652530003 -0.0254801571893
16.57325860688551 10.6493774569 0.0430814939604 11.6646576691 -0.033855651532
16.593274619695755 10.650112123 0.0301426261736 11.6639035209 -0.041358050669
16.613290632506004 10.6505772853 0.0161796380823 11.6630074295 -0.0480508774249
16.633306645316253 10.6507541589 0.00136842460977 11.6619848027 -0.0540167085338
16.653322658126502 10.6506277386 -0.0140902364709 11.6608492276 -0.0593543098456
16.67333867093675 10.6501872388 -0.0299764763964 11.6596121802 -0.064175341405
16.693354683746996 10.6494264124 -0.0460575926191 11.6582828027 -0.0686007508425
16.713370696557245 10.6483437465 -0.0620945900239 11.6568677542 -0.0727569618305
16.733386709367494 10.64694252 -0.0778488412643 11.6553711407 -0.0767719516678
16.753402722177743 10.6452307269 -0.0930886578925 11.653794525 -0.080771342208
16.77341873498799 10.643220875 -0.107595565261 11.6521370119 -0.084874629988
16.793434747798237 10.640929665 -0.12117015562 11.6503954046 -0.089191631789
16.813450760608486 10.6383775586 -0.133637348929 11.6485644293 -0.0938192489185
16.833466773418735 10.6355882392 -0.144850855061 11.6466370264 -0.098838673899
16.853482786228984 10.6325879973 -0.154696754455 11.6446046895 -0.104313097935
16.873498799039233 10.6294050563 -0.163096200218 11.6424578428 -0.110285922192
16.893514811849478 10.6260688522 -0.170007035771 11.6401862499 -0.116779598691
16.913530824659727 10.6226092927 -0.175424370544 11.6377794396 -0.123795082971
16.933546837469976 10.6190560134 -0.179380089224 11.6352271366 -0.131311918416
16.953562850280225 10.6154376548 -0.181941337252 11.6325196842 -0.13928893356
16.973578863090474 10.6117811806 -0.183208032552 11.6296484472 -0.147665528504
16.99359487590072 10.6081112541 -0.183309481552 11.6266061825 -0.156363509278
17.013610888710968 10.6044496904 -0.182400209197 11.6233873696 -0.165289409903
17.033626901521217 10.600814999 -0.180655134411 11.6199884889 -0.174337228341
17.053642914331466 10.5972220282 -0.178264235722 11.6164082429 -0.183391493947
17.073658927141715 10.5936817212 -0.175426864803 11.6126477119 -0.192330575374
17.09367493995196 10.5902009859 -0.172345882518 11.6087104439 -0.20103012603
17.11369095276221 10.5867826915 -0.169221778029 11.6046024692 -0.20936657556
17.133706965572458 10.5834257607 -0.16624693144 11.6003322583 -0.217220563129
17.153722978382707 10.5801253772 -0.16360015978 11.5959106098 -0.224480235256
17.173738991192955 10.5768733268 -0.161441733358 11.5913504583 -0.231044302135
17.193755004003204 10.5736584073 -0.159908960336 11.5866666393 -0.236824776108
17.21377101681345 10.570466943 -0.159112711447 11.5818755879 -0.241749181471
17.2337870296237 10.5672833394 -0.159134534066 11.5769950118 -0.245762425722
17.253803042433947 10.5640906684 -0.160024675837 11.5720435435 -0.248828139063
17.273819055244196 10.560871314 -0.161801015359 11.5670403514 -0.250929492305
17.293835068054445 10.5576076226 -0.16444895828 11.5620047462 -0.252069442601
17.31385108086469 10.5542825782 -0.167922382637 11.556955767 -0.252270362485
17.33386709367494 10.5508803788 -0.17214523782 11.5519118248 -0.251573252668
17.35388310648519 10.5473869912 -0.177014092538 11.5468903539 -0.2500363845
17.373899119295437 10.5437907249 -0.182401745499 11.5419074482 -0.247733315667
17.393915132105686 10.5400826351 -0.188160828058 11.5369775986 -0.244750862291
17.41393114491593 10.5362568924 -0.194128453058 11.5321134462 -0.24118643877
17.43394715772618 10.5323110374 -0.200131017434 11.5273256035 -0.237145273296
17.45396317053643 10.528246176 -0.20598983556 11.5226225056 -0.232737111465
17.473979183346678 10.5240669876 -0.21152586375 11.5180103789 -0.22807340652
17.493995196156927 10.5197816792 -0.216564816663 11.5134932383 -0.223264260285
17.514011208967172 10.5154018596 -0.220942363171 11.5090729318 -0.218415292694
17.53402722177742 10.5109422986 -0.224508813828 11.5047492554 -0.213624779989
17.55404323458767 10.5064205816 -0.22713322824 11.5005201324 -0.208981106736
17.57405924739792 10.5018566915 -0.228706976996 11.4963818388 -0.204560520026
17.594075260208168 10.497272535 -0.229146687908 11.4923292631 -0.200425232614
17.614091273018413 10.4926914172 -0.228396436461 11.4883562008 -0.196621959639
17.634107285828662 10.4881374777 -0.226429106505 11.484455675 -0.193180936007
17.65412329863891 10.4836351051 -0.223246908197 11.4806202731 -0.190115427727
17.67413931144916 10.4792083519 -0.218881107996 11.4768424876 -0.187421710759
17.69415532425941 10.4748803617 -0.213390895047 11.4731150524 -0.185079565439
17.714171337069654 10.4706728282 -0.206861495424 11.469431264 -0.18305322663
17.734187349879903 10.4666055006 -0.199401565292 11.4657852787 -0.181292774648
17.754203362690152 10.4626957455 -0.191139959032 11.462172379 -0.179735913557
17.7742193755004 10.4589581791 -0.182221969924 11.458589201 -0.178310082453
17.79423538831065 10.4554043792 -0.172805153203 11.4550339161 -0.176934837538
17.814251401120895 10.4520426844 -0.163054855675 11.4515063637 -0.175524433322
17.834267413931144 10.4488780897 -0.153139578327 11.4480081263 -0.173990530757
17.854283426741393 10.4459122196 -0.143226335608 11.4445425614 -0.172244929272
17.874299439551642 10.4431434047 -0.133476108593 11.4411147695 -0.170202273323
17.89431545236189 10.440566851 -0.12403950006 11.4377315092 -0.167782665185
17.914331465172136 10.4381748894 -0.115052759441 11.434401062 -0.16491408181
17.934347477982385 10.4359572956 -0.106634257868 11.4311330548 -0.1615345444
17.954363490792634 10.4339016771 -0.0988815553661 11.4279382408 -0.15759395595
17.974379503602883 10.4319939286 -0.0918691433448 11.424828237 -0.153055557771
17.99439551641313 10.4302186967 -0.0856467591238 11.4218152546 -0.147897048977
18.014411529223377 10.4285598827 -0.080238461933 11.4189118039 -0.142111265128
18.034427542033626 10.4270011651 -0.0756424900859 11.416130385 -0.1357063988
18.054443554843875 10.4255265184 -0.0718318565024 11.4134831777 -0.128705780843
18.074459567654124 10.4241207029 -0.0687555668824 11.4109817464 -0.121147283788
18.094475580464373 10.4227697082 -0.0663406760357 11.4086367696 -0.113082214966
18.114491593274618 10.4214611801 -0.0644947041005 11.4064577778 -0.10457399054
18.134507606084867 10.4201847964 -0.0631087935081 11.4044529185 -0.0956963550387
18.154523618895116 10.4189325545 -0.0620612437469 11.402628773 -0.086531351818
18.174539631705365 10.4176989775 -0.0612212605998 11.40099022 -0.0771671431681
18.194555644515614 10.4164812613 -0.0604529279925 11.399540334 -0.0676956810487
18.21457165732586 10.4152793489 -0.0596196122556 11.3982803248 -0.0582100991011
18.234587670136108 10.4140958873 -0.0585878490924 11.3972095492 -0.0488023801167
18.254603682946357 10.4129361247 -0.057231189101 11.3963255578 -0.0395610301858
18.274619695756606 10.4118077414 -0.0554340356367 11.3956241821 -0.0305687377735
18.294635708566855 10.4107205967 -0.0530950007352 11.3950996728 -0.0219002955189
18.314651721377103 10.4096864139 -0.0501297655164 11.3947448772 -0.0136207982484
18.33466773418735 10.4087184098 -0.0464734147503 11.3945514516 -0.00578413779517
18.354683746997598 10.4078308926 -0.0420822628035 11.3945100948 0.00156820976266
18.374699759807847 10.407038821 -0.0369349699658 11.3946108078 0.00840798623501
18.394715772618095 10.4063573514 -0.0310330438732 11.3948431629 0.0147205917013
18.414731785428344 10.4058013841 -0.024400699197 11.3951965765 0.0205051439072
18.43474779823859 10.4053851134 -0.0170840527671 11.3956605822 0.0257741419
18.45476381104884 10.4051216023 -0.009149676219 11.3962250922 0.030552740679
18.474779823859087 10.4050223929 -0.000682623619438 11.3968806402 0.0348777038059
18.494795836669336 10.4050971607 0.00821607269802 11.3976186009 0.0387960271709
18.514811849479585 10.4053534225 0.0174323197644 11.3984313786 0.0423633015735
18.53482786228983 10.4057963081 0.0268422293554 11.3993125606 0.0456418501234
18.55484387510008 10.4064283997 0.0363156185957 11.4002570321 0.0486987060458
18.57485988791033 10.4072496403 0.0457196433774 11.4012610495 0.0516034914718
18.594875900720577 10.4082573154 0.0549224754596 11.4023222721 0.0544262485268
18.614891913530826 10.4094461137 0.0637969188263 11.4034397468 0.0572352836054
18.63490792634107 10.4108082543 0.0722238334352 11.4046138521 0.0600951060738
18.65492393915132 10.4123336806 0.0800952818392 11.4058462025 0.0630645118446
18.67493995196157 10.4140103077 0.0873173579428 11.4071395198 0.0661948400333
18.694955964771818 10.4158243312 0.0938125720241 11.4084974664 0.0695284745078
18.714971977582067 10.4177605773 0.0995217221287 11.4099244523 0.0730976382261
18.734987990392312 10.4198028829 0.104405238878 11.4114254225 0.0769234909328
18.75500400320256 10.421934496 0.108443966623 11.4130056299 0.0810155550992
18.77502001601281 10.4241384875 0.111639357219 11.4146703994 0.0853714870193
18.79503602882306 10.4263981607 0.114013075929 11.4164248911 0.0899771968225
18.815052041633308 10.4286974476 0.115606042622 11.4182738686 0.0948073072314
18.835068054443553 10.4310212799 0.116476944677 11.4202214812 0.0998259326616
18.855084067253802 10.4333559261 0.116700269143 11.4222710631 0.104987753267
18.87510008006405 10.4356892836 0.116363913829 11.4244249584 0.110239351117
18.8951160928743 10.4380111208 0.115566455737 11.4266843734 0.115520764113
18.91513210568455 10.4403132621 0.114414156959 11.4290492629 0.120767211721
18.935148118494794 10.4425897089 0.113017787061 11.4315182523 0.125910947545
18.955164131305043 10.444836698 0.111489371152 11.4340885971 0.130883173907
18.975180144115292 10.4470526845 0.109938965255 11.436756187 0.135615961295
18.99519615692554 10.4492382762 0.108471528472 11.4395155791 0.140044124259
19.01521216973579 10.4513961496 0.10718390082 11.4423600419 0.144107039705
19.035228182546035 10.4535307932 0.1061621755 11.4452817039 0.147750279747
19.055244195356284 10.4556482783 0.105479209325 11.4482716855 0.150927154742
19.075260208166533 10.4577559833 0.105192917649 11.4513202619 0.153599803764
19.095276220976782 10.4598622874 0.105344901711 11.4544170455 0.155740096011
19.11529223378703 10.4619762358 0.105959296086 11.4575511857 0.157330409694
19.135308246597276 10.4641071782 0.107042261733 11.4607115871 0.158364034664
19.155324259407525 10.466264406 0.10858210566 11.4638871312 0.158845203386
19.175340272217774 10.4684568012 0.110549874097 11.4670668925 0.158788837101
19.195356285028023 10.4706925026 0.11290042709 11.4702403467 0.158220000676
19.21537229783827 10.4729785967 0.115573921441 11.4733975655 0.157173107888
19.235388310648517 10.4753208403 0.118497727273 11.4765293944 0.155690859567
19.255404323458766 10.4777234269 0.121588702662 11.4796276065 0.153822956486
19.275420336269015 10.4801888013 0.124755735131 11.4826850277 0.151624639311
19.295436349079264 10.4827175278 0.127902473998 11.4856956315 0.149155099725
19.315452361889513 10.4853082135 0.130930183398 11.4886546022 0.146475803582
19.33546837469976 10.4879574986 0.133740630267 11.491558357 0.143648773656
19.355484387510007 10.4906600747 0.13623892055 11.4944045528 0.140734894964
19.375500400320256 10.4934087876 0.138336235662 11.4971920413 0.137792254267
19.395516413130505 10.4961947886 0.139952355136 11.4999207953 0.134874592536
19.415532425940754 10.4990077294 0.141017902897 11.5025918074 0.132029908401
19.435548438751002 10.5018359937 0.141476300265 11.5052069656 0.129299224873
19.455564451561248 10.5046669848 0.141285167414 11.5077688945 0.126715667214
19.475580464371497 10.5074874105 0.140417470314 11.5102807951 0.124303692061
19.495596477181746 10.5102835926 0.138862214978 11.5127462695 0.122078578504
19.515612489991994 10.5130417922 0.136624650787 11.5151691341 0.120046205283
19.535628502802243 10.5157485372 0.133725991355 11.5175532281 0.11820311374
19.55564451561249 10.5183909363 0.130202689632 11.5199022295 0.1165368391
19.575660528422738 10.5209569714 0.126105304207 11.5222194812 0.115026490434
19.595676541232987 10.5234357642 0.121496988785 11.5245078309 0.113643561581
19.615692554043235 10.5258178109 0.116451642408 11.5267694877 0.112352952554
19.635708566853484 10.5280951773 0.111051773802 11.5290059025 0.111114171951
19.65572457966373 10.5302616476 0.105386148263 11.531217672 0.109882681552
19.67574059247398 10.5323128248 0.0995472913295 11.5334044733 0.108611340017
19.695756605284227 10.5342461797 0.0936289220271 11.5355650264 0.107251902914
19.715772618094476 10.5360610468 0.0877233903574 11.5376970887 0.10575653571
19.735788630904725 10.5377585562 0.0819192043884 11.5397974878 0.104079291784
19.75580464371497 10.5393416057 0.0762985818534 11.5418621299 0.102177564415
19.77582065652522 10.5408146261 0.0709354649378 11.543886132 0.100013323322
19.79583666933547 10.5421834233 0.0658934778139 11.5458639088 0.0975543630367
19.815852682145717 10.5434549595 0.0612244518151 11.5477892975 0.0947752320728
19.835868694955966 10.544637108 0.0569672597574 11.5496556989 0.0916579859305
19.85588470776621 10.5457383873 0.053146961423 11.5514562321 0.08819276165
19.87590072057646 10.5467676755 0.0497743675356 11.5531839027 0.0843781095053
19.89591673338671 10.5477339229 0.0468460497095 11.5548317729 0.0802210605963
19.915932746196958 10.5486458713 0.0443447540731 11.5563931297 0.0757369528371
19.935948759007207 10.5495117855 0.0422401881015 11.5578616466 0.0709490320716
19.955964771817452 10.5503392034 0.0404901730986 11.5592315364 0.0658878308188
19.9759807846277 10.5511347113 0.0390421157857 11.5604976893 0.0605903502585
19.99599679743795 10.5519037527 0.0378347649185 11.5616557929 0.0550990635818
20.0160128102482 10.5526504751 0.0368001899338 11.5627024305 0.0494607767232
20.036028823058448 10.553377617 0.035865921188 11.5636351549 0.0437253813946
20.056044835868693 10.5540864396 0.0349571916298 11.5644525376 0.0379445353784
20.076060848678942 10.5547767065 0.0339992168215 11.5651541891 0.0321703063075
20.09607686148919 10.5554466995 0.0329194385207 11.5657407565 0.026453826446
20.11609287429944 10.5560932876 0.0316496828221 11.5662138907 0.0208439834144
20.13610888710969 10.5567120364 0.0301281701522 11.5665761882 0.0153861869937
20.156124899919934 10.5572973522 0.0283013301624 11.5668311114 0.0101212420897
20.176140912730183 10.5578426687 0.0261252936366 11.5669828822 0.00508440101707
20.196156925540432 10.558340651 0.0235671473028 11.5670363649 0.000304551960283
20.21617293835068 10.5587834195 0.0206058575062 11.5669969347 -0.00419640184346
20.23618895116093 10.5591627965 0.0172328276117 11.5668703328 -0.00840395157453
20.256204963971175 10.5594705608 0.0134520649927 11.5666625133 -0.0123111630658
20.276220976781424 10.5596986962 0.00928004591643 11.5663794935 -0.0159186753892
20.296236989591673 10.5598396358 0.00474518844213 11.5660272047 -0.0192344656692
20.316253002401922 10.5598864947 -0.000113011632765 11.5656113482 -0.0222734100983
20.33626901521217 10.5598332805 -0.00524514048225 11.5651372631 -0.0250566628983
20.35628502802242 10.5596750764 -0.0105933041038 11.5646098095 -0.0276108622117
20.376301040832665 10.5594081963 -0.0160927799058 11.5640332665 -0.0299672005703
20.396317053642914 10.5590303018 -0.0216738615608 11.5634112526 -0.0321603695129
20.416333066453163 10.5585404843 -0.0272638044574 11.5627466657 -0.034227434233
20.43634907926341 10.5579393052 -0.0327888503854 11.5620416478 -0.0362066488142
20.45636509207366 10.5572287952 -0.0381762595802 11.5612975734 -0.0381362549608
20.476381104883906 10.5564124126 -0.0433562794852 11.5605150622 -0.0400533063877
20.496397117694155 10.555494966 -0.0482640060224 11.5596940142 -0.0419925461824
20.516413130504404 10.5544825023 -0.0528411036658 11.5588336644 -0.0439853580411
20.536429143314653 10.5533821592 -0.0570373137437 11.5579326603 -0.046058832453
20.5564451561249 10.5522019878 -0.0608117093334 11.5569891572 -0.0482349745743
20.576461168935147 10.5509507556 -0.0641336699128 11.5560009271 -0.050530072215
20.596477181745396 10.5496377331 -0.0669835568709 11.5549654776 -0.0529542368357
20.616493194555645 10.5482724713 -0.069353073428 11.5538801778 -0.0555111285767
20.636509207365894 10.5468645736 -0.0712453043634 11.5527423888 -0.0581978696786
20.656525220176142 10.5454234698 -0.0726744312549 11.551549594 -0.0610051507507
20.676541232986388 10.5439581992 -0.0736651347985 11.5502995253 -0.0639175251649
20.696557245796637 10.542477209 -0.074251713745 11.5489902817 -0.0669138758187
20.716573258606886 10.5409881729 -0.0744769444118 11.5476204365 -0.0699680414617
20.736589271417134 10.5394978348 -0.0743907173126 11.5461891307 -0.0730495822477
20.756605284227383 10.5380118818 -0.074048491928 11.5446961501 -0.0761246613632
20.77662129703763 10.5365348487 -0.0735096158433 11.5431419839 -0.0791570162632
20.796637309847878 10.5350700584 -0.0728355581103 11.5415278628 -0.0821089905637
20.816653322658127 10.533619597 -0.0720881083894 11.5398557764 -0.0849425963215
20.836669335468375 10.5321843258 -0.0713275934786 11.5381284691 -0.0876205761083
20.856685348278624 10.5307639327 -0.070611174242 11.5363494117 -0.0901074287051
20.87670136108887 10.5293569985 -0.0699912054512 11.5345227652 -0.0923704014456
20.89671737389912 10.5279611129 -0.0695138446085 11.5326533128 -0.0943803489223
20.916733386709367 10.5265730209 -0.0692177820734 11.5307463746 -0.096112527884
20.936749399519616 10.5251887794 -0.0691332352259 11.5288077146 -0.0975472385556
20.956765412329865 10.5238039306 -0.0692811956078 11.5268434372 -0.098670320237
20.97678142514011 10.5224136907 -0.0696729554439 11.5248598732 -0.0994734851937
20.99679743795036 10.5210131479 -0.0703099198351 11.5228634594 -0.0999544855277
21.01681345076061 10.5195974616 -0.0711836875378 11.5208606167 -0.100117120633
21.036829463570857 10.5181620557 -0.0722764371336 11.5188576298 -0.0999710615607
21.056845476381106 10.5167027997 -0.0735615674744 11.516860534 -0.0995315207261
21.07686148919135 10.5152161759 -0.0750045857034 11.5148750086 -0.0988187702784
21.0968775020016 10.5136994268 -0.0765642103168 11.5129062817 -0.0978575270608
21.11689351481185 10.5121506786 -0.0781936559331 11.5109590481 -0.0966762225882
21.136909527622098 10.5105690375 -0.0798420620309 11.5090374031 -0.0953061794209
21.156925540432347 10.5089546558 -0.0814560229087 11.5071447934 -0.0937807186499
21.176941553242592 10.5073087669 -0.0829811733108 11.5052839865 -0.0921342251463
21.19695756605284 10.5056336863 -0.0843637825755 11.5034570606 -0.0904011976437
21.21697357886309 10.5039327859 -0.0855523196213 11.5016654098 -0.0886153084525
21.23698959167334 10.5022104321 -0.086498900123 11.4999097713 -0.0868085223493
21.257005604483588 10.5004719157 -0.0871606943794 11.4981902585 -0.0850102363463
21.277021617293833 10.4987233219 -0.0875011385172 11.4965064298 -0.0832465185994
21.297037630104082 10.4969713914 -0.0874908837352 11.4948573635 -0.0815395001282
21.31705364291433 10.4952233642 -0.0871086391653 11.4932417442 -0.0799068246879
21.33706965572458 10.4934868229 -0.0863417026233 11.4916579504 -0.078361283504
21.35708566853483 10.4917695205 -0.085186275521 11.4901041525 -0.0769105735781
21.377101681345078 10.4900791988 -0.0836475174041 11.4885784169 -0.0755572076217
21.397117694155323 10.4884234066 -0.0817393468714 11.4870788123 -0.074298574515
21.417133706965572 10.4868093282 -0.0794839956878 11.4856035103 -0.0731271489268
21.43714971977582 10.4852436249 -0.0769113324427 11.4841508797 -0.072030841517
21.45716573258607 10.4837322918 -0.0740579801952 11.4827195726 -0.0709934757214
21.47718174539632 10.4822805325 -0.0709662563999 11.4813086006 -0.0699953751676
21.497197758206564 10.4808926564 -0.0676829655764 11.4799173987 -0.0690140448784
21.517213771016813 10.4795720019 -0.0642580814329 11.4785458743 -0.0680249254347
21.537229783827062 10.4783208863 -0.0607433551614 11.4771944406 -0.0670021988484
21.55724579663731 10.4771405858 -0.0571908904223 11.4758640331 -0.0659196225376
21.57726180944756 10.4760313417 -0.0536517313304 11.4745561096 -0.0647513634796
21.597277822257805 10.4749924062 -0.0501745274613 11.4732726281 -0.0634727976241
21.617293835068054 10.474022071 -0.0468041835022 11.4720160337 -0.0620613138005
21.637309847878303 10.473117781 -0.0435807744837 11.4707891948 -0.0604969843154
21.65732586068855 10.4722762439 -0.0405384769151 11.4695953421 -0.0587632249906
21.6773418734988 10.4714935524 -0.0377047751869 11.4684379986 -0.0568472954206
21.697357886309046 10.4707653186 -0.03509991802 11.4673209019 -0.0547406543845
21.717373899119295 10.4700868221 -0.0327364669298 11.4662479179 -0.0524392645492
21.737389911929544 10.4694531699 -0.0306190738981 11.4652229468 -0.049943764614
21.757405924739793 10.4688594564 -0.0287445404709 11.4642498283 -0.0472594743183
21.77742193755004 10.4683009165 -0.0271021110586 11.4633322496 -0.044396258678
21.797437950360287 10.4677730715 -0.0256739541667 11.4624736571 -0.041368278521
21.817453963170536 10.4672718649 -0.0244358294928 11.461677174 -0.0381936277344
21.837469975980785 10.4667937827 -0.0233579353416 11.4609455259 -0.0348938592058
21.857485988791034 10.4663359551 -0.0224059073776 11.4602809765 -0.0314934156152
21.877502001601282 10.4658962365 -0.0215419389214 11.4596852771 -0.0280189817648
21.897518014411528 10.4654732625 -0.0207259756666 11.4591596281 -0.0244987862406
21.917534027221777 10.4650664826 -0.0199169598655 11.4587046555 -0.0209618667475
21.937550040032026 10.4646761654 -0.0190740880396 11.4583204036 -0.0174373196409
21.957566052842274 10.4643033854 -0.0181580460694 11.4580063388 -0.0139535573799
21.977582065652523 10.4639499801 -0.0171321794288 11.4577613709 -0.0105375964981
21.99759807846277 10.4636184867 -0.0159635855331 11.4575838877 -0.00721438536759
22.017614091273018 10.4633120572 -0.014624080865 11.4574718022 -0.00400620072485
22.037630104083267 10.4630343456 -0.0130910022189 11.4574226172 -0.000932134444085
22.057646116893515 10.4627893995 -0.0113478579706 11.4574334889 0.00199232936022
22.077662129703764 10.4625815341 -0.0093847882817 11.4575012998 0.00475562854751
22.09767814251401 10.462415194 -0.00719883105797 11.4576227419 0.00735032552813
22.11769415532426 10.4622948118 -0.00479398805016 11.4577944012 0.00977319176413
22.137710168134507 10.4622246705 -0.00218110452477 11.4580128416 0.0120251806565
22.157726180944756 10.4622087714 0.000622514408242 11.4582746858 0.0141112420776
22.177742193755005 10.4622507084 0.00359355844518 11.4585766941 0.0160400930547
22.19775820656525 10.462353555 0.00670340607221 11.4589158351 0.0178238424496
22.2177742193755 10.4625197662 0.00991893711048 11.4592893497 0.0194775408366
22.23779023218575 10.4627510933 0.013203505925 11.4596948075 0.0210186313383
22.257806244995997 10.4630485298 0.0165179416015 11.4601301445 0.0224663748954
22.277822257806246 10.46341227 0.0198216392795 11.4605936946 0.0238412179271
22.29783827061649 10.4638416888 0.0230736876657 11.4610842084 0.0251641322306
22.31785428342674 10.4643353478 0.0262339900839 11.4616008562 0.0264559508804
22.33787029623699 10.4648910242 0.0292643414103 11.4621432183 0.0277367235476
22.357886309047238 10.4655057586 0.0321294397891 11.4627112627 0.0290251050055
22.377902321857487 10.4661759218 0.0347978068928 11.4633053119 0.0303377920484
22.397918334667736 10.4668972986 0.0372425954696 11.4639259999 0.0316890226824
22.41793434747798 10.4676651881 0.0394422588391 11.4645742173 0.0330901518295
22.43795036028823 10.4684745157 0.0413810479599 11.4652510503 0.0345493260515
22.45796637309848 10.4693199533 0.0430493477089 11.4659577136 0.0360712512933
22.477982385908728 10.4701960431 0.0444438386079 11.4666954806 0.0376570627729
22.497998398718977 10.4710973237 0.0455674796263 11.4674656114 0.0393043004239
22.518014411529222 10.4720184543 0.04642931274 11.4682692814 0.0410069904874
22.53803042433947 10.4729543331 0.0470440983903 11.4691075129 0.0427558289113
22.55804643714972 10.4739002068 0.0474317957804 11.4699811107 0.0445384592798
22.57806244995997 10.4748517684 0.0476169047216 11.4708906048 0.0463398361929
22.598078462770218 10.4758052402 0.0476276888071 11.4718362005 0.048142663068
22.618094475580463 10.4767574406 0.0474953031736 11.4728177388 0.0499278911723
22.638110488390712 10.4777058329 0.0472528535299 11.4738346661 0.0516752645227
22.65812650120096 10.4786485544 0.0469344158133 11.4748860162 0.0533638935617
22.67814251401121 10.479584423 0.0465740377635 11.475970405 0.0549728459436
22.69815852682146 10.4805129338 0.0462047618946 11.4770860313 0.0564817274115
22.718174539631704 10.4814342255 0.0458576845593 11.478230696 0.0578712497751
22.738190552441953 10.4823490318 0.0455611022329 11.4794018294 0.0591237511725
22.758206565252202 10.4832586172 0.0453397107786 11.4805965296 0.0602236894243
22.77822257806245 10.4841646987 0.0452139714037 11.4818116081 0.0611580401891
22.7982385908727 10.4850693588 0.0451995486574 11.4830436422 0.0619166548941
22.818254603682945 10.485974939 0.0453069807824 11.4842890391 0.0624924860642
22.838270616493194 10.486883937 0.0455414231092 11.4855440981 0.0628817680865
22.858286629303443 10.4877989005 0.045902567922 11.486805076 0.0630840942887
22.87830264211369 10.488722318 0.0463847311493 11.4880682541 0.0631023954276
22.89831865492394 10.4896565123 0.0469770979465 11.489330005 0.0629428231342
22.918334667734186 10.490603541 0.0476641095151 11.4905868555 0.0626145473257
22.938350680544435 10.4915651065 0.0484259785147 11.4918355438 0.062129474272
22.958366693354684 10.4925424787 0.0492393202305 11.4930730709 0.0615018925163
22.978382706164933 10.4935364291 0.0500778814561 11.4942967441 0.0607480568675
22.99839871897518 10.4945471819 0.0509133442177 11.4955042119 0.0598857234493
23.018414731785427 10.4955743812 0.0517161800651 11.4966934889 0.0589336496588
23.038430744595676 10.4966170757 0.0524565299778 11.4978629706 0.0579110737493
23.058446757405925 10.4976737198 0.0531050744818 11.4990114383 0.056837195576
23.078462770216174 10.4987421925 0.0536338883262 11.5001380536 0.0557306610928
23.098478783026422 10.4998198341 0.0540172565272 11.501242342 0.054609064606
23.118494795836668 10.5009035001 0.0542324109923 11.5023241659 0.0534884930813
23.138510808646917 10.5019896252 0.0542601634749 11.5033836911 0.0523831289533
23.158526821457166 10.5030743003 0.0540854363302 11.5044213454 0.0513049098256
23.178542834267414 10.504153359 0.0536976740699 11.5054377709 0.0502632560342
23.198558847077663 10.5052224713 0.0530911232905 11.5064337712 0.0492648742279
23.21857485988791 10.5062772415 0.0522649706707 11.5074102563 0.04831364388
23.238590872698158 10.507313307 0.0512233479464 11.5083681848 0.0474105823898
23.258606885508406 10.5083264367 0.0499751907075 11.5093085076 0.0465538971182
23.278622898318655 10.509312624 0.0485339525016 11.5102321125 0.0457391246131
23.298638911128904 10.5102681738 0.046917212241 11.511139773 0.0449593350919
23.31865492393915 10.5111897798 0.045146164646 11.5120321014 0.0442054088568
23.3386709367494 10.5120745912 0.0432450148661 11.5129095083 0.0434663727773
23.358686949559647 10.5129202663 0.0412402958095 11.5137721692 0.0427297863408
23.378702962369896 10.5137250113 0.0391601277718 11.5146199997 0.0419821661376
23.398718975180145 10.514487605 0.0370334475974 11.5154526386 0.0412094324567
23.41873498799039 10.5152074077 0.0348892175109 11.5162694405 0.0403973727156
23.43875100080064 10.5158843495 0.0327556497759 11.5170694797 0.0395321010002
23.45876701361089 10.5165189152 0.0306594573169 11.517851558 0.0386005036576
23.478783026421137 10.5171121012 0.0286251800171 11.5186142267 0.0375906475947
23.498799039231386 10.5176653793 0.0266745225478 11.5193558071 0.0364921800165
23.518815052041635 10.5181806113 0.0248258659165 11.5200744383 0.0352966391075
23.53883106485188 10.518659987 0.0230938050929 11.5207681136 0.0339977426699
23.55884707766213 10.5191059502 0.0214888507381 11.5214347219 0.0325915824433
23.578863090472378 10.5195211161 0.0200172309209 11.5220720974 0.0310767621545
23.598879103282627 10.5199081807 0.0186808137465 11.5226780718 0.0294544654667
23.618895116092876 10.5202698325 0.0174771371113 11.5232505275 0.0277284602309
23.63891112890312 10.5206086685 0.0163996422494 11.5237874475 0.0259049802662
23.65892714171337 10.5209271162 0.0154379202934 11.524286963 0.0239925977694
23.67894315452362 10.5212273591 0.0145781142177 11.5247473983 0.0220020025357
23.698959167333868 10.5215112748 0.0138033935876 11.5251673099 0.019945734559
23.718975180144117 10.5217803785 0.0130945312161 11.5255455209 0.0178378541712
23.738991192954362 10.5220357785 0.0124305539289 11.5258811502 0.0156935649397
23.75900720576461 10.522278153 0.0117893864907 11.5261736284 0.0135288349411
23.77902321857486 10.522507735 0.0111485379966 11.5264227086 0.0113599900261
23.79903923138511 10.5227243085 0.0104858006248 11.5266284711 0.00920329683652
23.819055244195358 10.5229272199 0.00977993199949 11.5267913188 0.00707455090682
23.839071257005603 10.5231154051 0.00901129270903 11.5269119628 0.0049886871915
23.859087269815852 10.5232874289 0.00816243135342 11.5269914012 0.00295941831134
23.8791032826261 10.5234415335 0.0072186024153 11.5270308911 0.000998909812149
23.89911929543635 10.5235756962 0.00616818828104 11.5270319154 -0.000882490102331
23.9191353082466 10.5236876953 0.00500304659956 11.526996145 -0.00267647869879
23.939151321056844 10.5237751835 0.0037187256666 11.5269253943 -0.00437695086221
23.959167333867093 10.5238357633 0.00231459458427 11.5268215765 -0.00598010091006
23.979183346677342 10.5238670627 0.000793859727159 11.5266866582 -0.00748445700009
23.99919935948759 10.5238668107 -0.00083653617973 11.5265226126 -0.00889084590019
24.01921537229784 10.5238329116 -0.0025661210901 11.5263313737 -0.0102022939693
24.039231385108085 10.523763512 -0.00438119712589 11.5261147945 -0.0114238690991
24.059247397918334 10.5236570618 -0.00626523132406 11.5258746076 -0.0125624687163
24.079263410728583 10.5235123664 -0.00819932396743 11.5256123915 -0.0136265592451
24.09927942353883 10.5233286289 -0.0101627420194 11.525329542 -0.0146258738843
24.11929543634908 10.5231054803 -0.0121334979427 11.5250272504 -0.0155710800429
24.139311449159326 10.5228429997 -0.0140889545046 11.5247064877 -0.0164734281017
24.159327461969575 10.5225417211 -0.0160064437751 11.5243679969 -0.0173443879186
24.179343474779824 10.522202627 -0.0178638838169 11.5240122924 -0.0181952829149
24.199359487590073 10.5218271311 -0.0196403698948 11.5236396662 -0.0190369357537
24.21937550040032 10.5214170488 -0.0213167241442 11.5232502018 -0.0198793353417
24.239391513210567 10.5209745577 -0.0228759878059 11.5228437939 -0.0207313346124
24.259407526020816 10.5205021496 -0.0243038550842 11.5224201731 -0.021600380741
24.279423538831065 10.5200025734 -0.0255890197135 11.5219789367 -0.0224922942015
24.299439551641314 10.519478772 -0.0267234337981 11.5215195836 -0.0234110980761
24.319455564451562 10.5189338147 -0.0277024727583 11.5210415511 -0.024358901872
24.339471577261808 10.5183708287 -0.0285250027607 11.520544254 -0.0253358425325
24.359487590072057 10.5177929291 -0.0291933491401 11.5200271244 -0.0263400839899
24.379503602882306 10.5172031508 -0.0297131678314 11.5194896501 -0.0273678745899
24.399519615692554 10.516604384 -0.0300932251134 11.5189314126 -0.0284136598223
24.419535628502803 10.5159993149 -0.0303450936065 11.5183521209 -0.0294702462001
24.43955164131305 10.515390373 -0.0304827744467 11.517751643 -0.0305290108685
24.459567654123298 10.5147796866 -0.0305222521631 11.5171300316 -0.0315801532197
24.479583666933546 10.5141690482 -0.0304810049492 11.5164875453 -0.0326129758873
24.499599679743795 10.5135598901 -0.0303774789505 11.5158246631 -0.0336161898267
24.519615692554044 10.5129532702 -0.0302305431108 11.5151420932 -0.0345782339109
24.539631705364293 10.5123498698 -0.0300589405681 11.5144407749 -0.0354875997821
24.55964771817454 10.5117500033 -0.0298807559935 11.5137218729 -0.0363331506922
24.579663730984787 10.5111536298 -0.0297129023497 11.5129867712 -0.0371044293105
24.599679743795036 10.5105603815 -0.0295706334574 11.5122370563 -0.0377919547652
24.619695756605285 10.5099696086 -0.029467153613 11.5114744905 -0.0383874668982
24.639711769415534 10.5093804239 -0.0294132458898 11.5107009856 -0.0388841591659
24.65972778222578 10.5087917517 -0.0294170196957 11.5099185728 -0.0392768419816
24.67974379503603 10.5082023814 -0.0294837138084 11.5091293706 -0.0395620743476
24.699759807846277 10.5076110252 -0.0296155840419 11.5083355496 -0.0397382463224
24.719775820656526 10.5070163799 -0.0298118785953 11.5075392938 -0.0398056107065
24.739791833466775 10.5064171883 -0.0300689001844 11.5067427632 -0.039766262593
24.75980784627702 10.5058122954 -0.0303801622121 11.505948058 -0.039624062103
24.77982385908727 10.5052007025 -0.0307366206787 11.505157184 -0.039384510916
24.799839871897518 10.5045816148 -0.0311269736839 11.5043720222 -0.0390545870867
24.819855884707767 10.503954483 -0.0315380218611 11.5035943009 -0.0386425417424
24.839871897518016 10.5033190376 -0.0319550769553 11.5028255726 -0.0381576650315
24.85988791032826 10.5026753146 -0.0323624118309 11.5020671951 -0.0376100250021
24.87990392313851 10.5020236712 -0.0327437421511 11.5013203195 -0.0370101845323
24.89991993594876 10.5013647921 -0.0330827106295 11.5005858829 -0.0363689141238
24.919935948759008 10.5006996861 -0.0333633697592 11.4998646071 -0.0356969026641
24.939951961569257 10.500029672 -0.0335706457059 11.4991570037 -0.0350044763583
24.959967974379502 10.499356356 -0.03369076982 11.498463385 -0.0343013339505
24.97998398718975 10.4986816118 -0.0337117016972 11.4977838721 -0.0335962883193
25.0 10.4980075295 -0.0336234324159 11.4971184233 -0.0328970694656
