Estación:       NOGALES,  SON
Operada por:    SMN EMAS
Longitud:       110°54'50"  Latitud: 31°17'52"  Altitud: 1269

DD/MM/AAAA HH:MM      DIRS      DIRR      VELS      VELR      TEMP        HR        PB      PREC    RADSOL
30/01/2018 16:00        82        96     10.20     17.60      13.7        30     878.7       0.0     461.5
30/01/2018 17:00        83       103     10.91     21.50      17.8        25     878.6       0.0     640.2
30/01/2018 18:00        83       134      5.16     17.60      20.8        21     878.1       0.0     744.8
30/01/2018 19:00         3       358      4.18     15.70      22.8        18     877.2       0.0     777.3
30/01/2018 20:00        10       355      0.52     19.40      23.7        16     876.2       0.0     750.7
30/01/2018 21:00       243       323      2.69     13.80      25.0        14     875.2       0.0     642.7
30/01/2018 22:00       353       357      3.90     15.80      25.8        14     874.7       0.0     471.3
30/01/2018 23:00         3       360      7.14     17.50      24.9        14     874.2       0.0     249.7
31/01/2018 00:00       340       355     11.29     26.80      22.7        15     874.1       0.0      48.0
31/01/2018 01:00       323       335     12.62     26.70      20.3        17     874.4       0.0       0.0
31/01/2018 02:00       258       331      7.01     22.10      18.1        20     874.9       0.0       0.0
31/01/2018 03:00       289       288      6.63     11.10      16.3        22     875.1       0.0       0.0
31/01/2018 04:00       220       312      1.21      9.00      15.0        22     875.4       0.0       0.0
31/01/2018 05:00       236       256      1.60      7.80      13.7        24     875.7       0.0       0.0
31/01/2018 06:00       230       256      2.50      6.90      12.6        25     875.6       0.0       0.0
31/01/2018 07:00        92       229      1.80      5.90      11.7        27     875.2       0.0       0.0
31/01/2018 08:00        67        85      2.34      5.00      11.0        27     875.0       0.0       0.0
31/01/2018 09:00       186       309      0.24      9.70      10.7        27     874.7       0.0       0.0
31/01/2018 10:00       300       319      4.33      8.60       9.4        29     874.6       0.0       0.0
31/01/2018 11:00       237       316      1.91      8.30       9.3        30     874.4       0.0       0.0
31/01/2018 12:00       185       142      0.18      7.70       8.7        30     874.3       0.0       0.0
31/01/2018 13:00       121        98      2.03      6.70       8.7        30     874.6       0.0       0.0
31/01/2018 14:00       257       317      4.11      7.70       8.0        32     875.0       0.0      25.2
31/01/2018 15:00        76       122      2.51      5.60      14.0        25     875.1       0.0     228.7
31/01/2018 16:00       147       226      1.35      6.40      18.3        20     875.4       0.0     462.3
31/01/2018 17:00       196       229      2.44      7.50      20.4        18     875.6       0.0     640.5
31/01/2018 18:00       298       332      2.89     12.80      22.8        13     875.3       0.0     748.8
31/01/2018 19:00       293       251      2.27     15.00      23.8        12     874.4       0.0     783.3
31/01/2018 20:00       249       220      7.19     29.20      25.0        10     873.4       0.0     760.2
31/01/2018 21:00       255       294     11.78     29.40      25.4         9     872.9       0.0     661.0
31/01/2018 22:00       284       306      9.62     23.30      25.6         9     872.7       0.0     488.3
31/01/2018 23:00       271       289     11.45     25.10      25.1        10     872.6       0.0     277.8
01/02/2018 00:00       268       282     11.08     23.80      23.3        11     872.4       0.0      82.3
01/02/2018 01:00       284       291      4.41     12.70      19.9        14     872.6       0.0       0.3
01/02/2018 02:00       276       320      5.00     14.40      17.6        16     873.1       0.0       0.0
01/02/2018 03:00       257       216      4.78      9.30      15.9        17     873.7       0.0       0.0
01/02/2018 04:00       289       317      5.45      9.70      14.3        19     874.9       0.0       0.0
01/02/2018 05:00       272       234      0.35      6.70      13.0        21     875.3       0.0       0.0
01/02/2018 06:00       231       206      2.80      6.70      13.2        23     875.3       0.0       0.0
01/02/2018 07:00        84       106      4.18      6.70      11.5        25     875.5       0.0       0.0
01/02/2018 08:00        98       151      0.12      7.90      10.3        25     875.3       0.0       0.0
01/02/2018 09:00       269       269      3.59      6.30       9.2        27     875.1       0.0       0.0
01/02/2018 10:00       290       289      2.73      5.70       9.7        26     875.0       0.0       0.0
01/02/2018 11:00       257       244      3.45      5.50       9.4        26     875.0       0.0       0.0
01/02/2018 12:00       285       296      2.92      6.80       7.3        30     875.2       0.0       0.0
01/02/2018 13:00       111       120      1.51      4.70       7.5        30     875.7       0.0       0.0
01/02/2018 14:00       241       279      0.80      6.50       7.2        30     876.2       0.0      10.2
01/02/2018 15:00       285       290      4.05      6.20      10.4        27     876.7       0.0     191.7
01/02/2018 16:00       100       102      6.54     10.80      14.1        23     877.1       0.0     472.8
01/02/2018 17:00        94       135      4.47      9.20      19.0        18     877.3       0.0     654.2
01/02/2018 18:00       236       263      6.24     16.50      22.3        14     877.2       0.0     724.8
01/02/2018 19:00       189       220      8.31     21.50      22.8        13     876.6       0.0     664.2
01/02/2018 20:00       234       247      6.45     22.00      24.1        12     876.0       0.0     770.0
01/02/2018 21:00       228       250      9.87     23.80      24.8        12     875.4       0.0     657.3
01/02/2018 22:00       260       320      9.52     27.00      24.5        13     875.4       0.0     411.7
01/02/2018 23:00       246       266     10.78     21.60      23.8        14     875.6       0.0     225.3
02/02/2018 00:00       258       279      9.62     18.40      22.3        15     875.8       0.0      70.2
02/02/2018 01:00       242       284      7.29     14.40      19.4        17     876.4       0.0       0.7
02/02/2018 02:00       247       246      7.41     11.70      17.4        19     877.1       0.0       0.0
02/02/2018 03:00       271       302      7.30     15.70      15.7        21     877.9       0.0       0.0
02/02/2018 04:00       287       316      1.64     11.60      14.6        22     878.4       0.0       0.0
02/02/2018 05:00       286       320      4.76      8.50      14.1        24     878.8       0.0       0.0
02/02/2018 06:00        55        90      1.18      6.70      12.6        26     879.0       0.0       0.0
02/02/2018 07:00       270       296      3.13      5.30      11.6        28     879.0       0.0       0.0
02/02/2018 08:00        90       306      1.70      5.40      10.9        29     878.9       0.0       0.0
02/02/2018 09:00        99       103      5.21      7.70      10.6        30     878.9       0.0       0.0
02/02/2018 10:00       285       312      3.41      5.00       9.9        32     878.7       0.0       0.0
02/02/2018 11:00       275       289      3.39      5.20       9.7        34     878.6       0.0       0.0
02/02/2018 12:00        39        71      1.28      3.90       9.3        35     878.6       0.0       0.0
02/02/2018 13:00        92       128      2.95      6.00       9.0        35     878.9       0.0       0.0
02/02/2018 14:00       256       312      3.72      6.30       9.3        35     879.4       0.0       9.5
02/02/2018 15:00       259       257      4.10      7.80      11.4        32     879.7       0.0      81.8
02/02/2018 16:00       281       305      3.11      8.50      13.7        28     880.2       0.0     152.8
02/02/2018 17:00       280       280      4.13      9.20      18.1        24     880.4       0.0     395.0
02/02/2018 18:00       237       254      6.00     21.10      20.7        36     880.1       0.0     485.5
02/02/2018 19:00       231       265      9.58     19.40      20.9        50     879.1       0.0     453.8
02/02/2018 20:00       220       255     11.42     24.40      21.5        45     878.0       0.0     368.3
02/02/2018 21:00       252       284     14.42     25.60      21.6        45     877.3       0.0     225.7
02/02/2018 22:00       247       246     14.89     25.70      21.4        45     877.0       0.0     200.5
02/02/2018 23:00       271       281     12.22     22.40      21.3        44     876.8       0.0     172.3
03/02/2018 00:00       252       254     13.46     23.60      20.6        43     876.8       0.0      50.2
03/02/2018 01:00       242       270     10.19     17.90      19.5        44     877.0       0.0       0.8
03/02/2018 02:00       238       242      7.43     17.40      18.5        51     877.3       0.0       0.0
03/02/2018 03:00       257       254      5.38     10.00      17.8        53     877.5       0.0       0.0
03/02/2018 04:00       261       268      6.54     15.00      17.4        39     877.8       0.0       0.0
03/02/2018 05:00       248       243      8.21     15.70      17.1        35     878.0       0.0       0.0
03/02/2018 06:00       293       337      5.80     10.60      15.6        49     877.8       0.0       0.0
03/02/2018 07:00       278       273      6.19     11.00      15.1        54     877.4       0.0       0.0
03/02/2018 08:00       284       317      6.73     11.90      14.6        56     877.1       0.0       0.0
03/02/2018 09:00       288       305      5.31     10.20      13.5        59     877.0       0.0       0.0
03/02/2018 10:00       269       297      4.89      7.80      13.7        59     876.8       0.0       0.0
03/02/2018 11:00       272       264      5.39      9.60      13.5        60     876.6       0.0       0.0
03/02/2018 12:00       301       316      4.34      7.30      13.2        61     876.7       0.0       0.0
03/02/2018 13:00       318       318      2.61      6.20      12.8        62     876.5       0.0       0.0
03/02/2018 14:00       293       331      1.53      4.50      12.2        64     877.0       0.0      12.3
03/02/2018 15:00       255       274      3.51      7.10      14.5        58     877.5       0.0     162.5
03/02/2018 16:00       274       316      4.12      9.20      16.5        52     877.8       0.0     203.7
03/02/2018 17:00       306       353      4.76     15.60      18.2        47     877.8       0.0     484.7
03/02/2018 18:00       335       355      7.60     20.90      19.9        43     877.4       0.0     714.7
03/02/2018 19:00       311       339      8.75     25.10      21.3        40     876.5       0.0     758.2
03/02/2018 20:00       290       351     14.10     35.90      22.7        36     875.2       0.0     756.7
03/02/2018 21:00       283       311     12.28     28.50      22.9        32     874.5       0.0     501.7
03/02/2018 22:00       297       326     13.78     27.50      22.5        31     874.1       0.0     358.8
03/02/2018 23:00       288       310     12.08     25.20      22.8        30     873.9       0.0     265.7
04/02/2018 00:00       286       293     12.89     25.50      21.2        32     874.1       0.0      82.2
04/02/2018 01:00       278       286      8.22     21.20      19.2        32     874.5       0.0       1.0
04/02/2018 02:00       289       302      5.29     13.70      17.4        28     875.1       0.0       0.0
04/02/2018 03:00       287       335      1.91     11.40      16.0        25     875.5       0.0       0.0
04/02/2018 04:00       168       233      2.34      6.00      14.0        27     875.9       0.0       0.0
04/02/2018 05:00       267       329      2.17      5.50      13.2        28     876.1       0.0       0.0
04/02/2018 06:00       299       322      3.72      6.90      11.8        31     876.2       0.0       0.0
04/02/2018 07:00       272       350      0.98      7.80      11.3        31     876.1       0.0       0.0
04/02/2018 08:00       112        98      1.76      7.20      10.4        33     876.0       0.0       0.0
04/02/2018 09:00        65        91      3.00      6.10       9.8        33     875.7       0.0       0.0
04/02/2018 10:00        87        95      4.07      8.20       9.3        34     875.7       0.0       0.0
04/02/2018 11:00        85       136      0.36      6.00       8.0        37     875.8       0.0       0.0
04/02/2018 12:00        68       124      1.19      6.10       8.7        36     875.7       0.0       0.0
04/02/2018 13:00       255       321      3.20      6.10       7.2        39     876.2       0.0       0.0
04/02/2018 14:00       276       318      3.38      5.50       7.5        39     876.6       0.0      31.0
04/02/2018 15:00        99       100      3.96     11.10      11.0        33     876.9       0.0     237.0
04/02/2018 16:00        79       124      5.41     10.20      15.3        27     877.1       0.0     471.7
04/02/2018 17:00        84       121      5.01     10.90      18.4        24     877.1       0.0     645.7
04/02/2018 18:00       285       316      3.76     14.60      20.6        22     876.8       0.0     752.2
04/02/2018 19:00       279       304      6.62     13.90      22.2        17     876.1       0.0     791.2
04/02/2018 20:00       284       323      3.69     15.50      23.6        14     875.0       0.0     764.3
04/02/2018 21:00       334       360      6.59     21.30      24.2        14     874.1       0.0     652.5
04/02/2018 22:00       277       303      5.60     19.80      25.2        14     873.7       0.0     479.8
04/02/2018 23:00       327       360      7.23     18.30      24.8        16     873.6       0.0     273.7
05/02/2018 00:00       333       360      8.85     18.60      23.0        18     873.7       0.0      86.2
05/02/2018 01:00       266       286      5.32     11.20      20.4        21     874.2       0.0       1.2
05/02/2018 02:00       249       291      5.47     11.80      18.1        23     875.1       0.0       0.0
05/02/2018 03:00       242       234      6.86     13.30      16.9        24     875.5       0.0       0.0
05/02/2018 04:00       171       271      1.43      6.70      15.3        27     875.8       0.0       0.0
05/02/2018 05:00       256       288      3.19      6.00      14.6        27     875.9       0.0       0.0
05/02/2018 06:00       293       260      2.32      6.00      13.6        28     875.8       0.0       0.0
05/02/2018 07:00       251       321      1.94      6.70      11.7        32     875.6       0.0       0.0
05/02/2018 08:00        78        91      3.13      6.20      11.9        32     875.2       0.0       0.0
05/02/2018 09:00       320       298      1.02      5.00      10.3        36     874.9       0.0       0.0
05/02/2018 10:00       103       354      2.43      5.90      10.2        37     874.6       0.0       0.0
05/02/2018 11:00        60        91      1.09      7.40       9.5        38     874.5       0.0       0.0
05/02/2018 12:00       293        75      1.32      8.30      10.0        38     874.2       0.0       0.0
05/02/2018 13:00        72        92      3.68      9.80       8.4        41     874.3       0.0       0.0
05/02/2018 14:00       319       111      0.70      9.30       8.5        42     874.6       0.0      31.7
05/02/2018 15:00        87       103      2.05     11.30      11.4        37     874.7       0.0     234.5
05/02/2018 16:00       306       318      2.55      8.40      17.2        29     874.8       0.0     459.8
05/02/2018 17:00       208       242      6.46     24.90      20.7        24     874.7       0.0     633.8
05/02/2018 18:00       211       260      9.54     22.20      22.2        21     874.2       0.0     748.8
05/02/2018 19:00       279       317     11.12     22.40      23.5        20     873.4       0.0     776.7
05/02/2018 20:00       275       279     11.58     28.90      24.0        19     872.4       0.0     758.5
05/02/2018 21:00       267       304     14.08     28.00      24.7        19     871.8       0.0     657.5
05/02/2018 22:00       257       291     13.87     28.20      24.6        19     871.7       0.0     472.8
05/02/2018 23:00       256       285     14.43     26.50      24.0        18     871.6       0.0     268.0
06/02/2018 00:00       256       258     13.62     24.60      22.6        19     871.7       0.0      83.0
06/02/2018 01:00       249       252     10.03     22.10      20.1        22     872.0       0.0       0.5
06/02/2018 02:00       233       240      8.56     18.50      18.2        25     872.6       0.0       0.0
06/02/2018 03:00       235       239      5.95     11.70      16.6        26     872.8       0.0       0.0
06/02/2018 04:00       245       252      7.64     15.40      16.4        25     873.0       0.0       0.0
06/02/2018 05:00       276       304      5.33     13.20      15.1        26     873.6       0.0       0.0
06/02/2018 06:00        34       273      3.68     14.40      13.5        30     873.8       0.0       0.0
06/02/2018 07:00       259       340      2.12      7.00      12.5        32     873.7       0.0       0.0
06/02/2018 08:00       280       302      2.78      8.30      11.7        34     873.3       0.0       0.0
06/02/2018 09:00       265       306      4.11      8.50      11.5        34     873.0       0.0       0.0
06/02/2018 10:00       286       318      4.24      8.00      10.9        35     873.0       0.0       0.0
06/02/2018 11:00       305       314      1.01      5.60       9.9        36     873.0       0.0       0.0
06/02/2018 12:00        92       115      4.29      6.90      10.8        34     872.9       0.0       0.0
06/02/2018 13:00       293       132      3.74      7.90       9.5        37     873.4       0.0       0.0
06/02/2018 14:00       294       334      4.34      3.70      10.0        37     873.5       0.0       0.0
